# nb_columns : 6
# title="Sensor Pressure History"
# x_var="time (s)"
# y_var="pressure (Pa)"
# column 2 : legend_text="sensor1"
# column 3 : legend_text="sensor2"
# column 4 : legend_text="sensor3"
# column 5 : legend_text="sensor4"
# column 6 : legend_text="sensor5"
0.00000E+000	1.00000E+005	1.00000E+005	1.00000E+005	1.00000E+005	1.00000E+005	
1.44582E-001	1.00000E+005	1.00000E+005	1.00000E+005	1.00000E+005	1.00000E+005	
2.27536E-001	1.00000E+005	1.00000E+005	1.00000E+005	1.00000E+005	1.00000E+005	
3.91319E-001	1.00000E+005	1.00000E+005	1.00000E+005	1.00000E+005	1.00000E+005	
4.49661E-001	1.00000E+005	1.00000E+005	1.00000E+005	1.00000E+005	1.00000E+005	
6.04126E-001	1.00000E+005	1.00000E+005	1.00000E+005	1.00000E+005	1.00000E+005	
7.74745E-001	1.00000E+005	1.00000E+005	1.00000E+005	1.00000E+005	1.00000E+005	
9.40957E-001	1.00000E+005	1.00000E+005	1.00000E+005	1.00000E+005	1.00000E+005	
1.08799E+000	1.00000E+005	1.00000E+005	1.00000E+005	1.00000E+005	1.00000E+005	
1.55119E+000	1.00000E+005	1.00000E+005	1.00000E+005	1.00000E+005	1.00000E+005	
2.08080E+000	1.00000E+005	1.00000E+005	1.00000E+005	1.00000E+005	1.00000E+005	
2.46164E+000	1.00000E+005	1.00000E+005	1.00000E+005	1.00000E+005	1.00000E+005	
2.76924E+000	1.00000E+005	1.00000E+005	1.00000E+005	1.00000E+005	1.00000E+005	
3.43390E+000	1.00000E+005	1.00000E+005	1.00000E+005	1.00000E+005	1.00000E+005	
3.74257E+000	1.00000E+005	1.00000E+005	1.00000E+005	1.00000E+005	1.00000E+005	
4.35714E+000	1.00000E+005	1.00000E+005	1.00000E+005	1.00000E+005	1.00000E+005	
4.74698E+000	1.00000E+005	1.00000E+005	1.00000E+005	1.00000E+005	1.00000E+005	
5.19121E+000	1.00000E+005	1.00000E+005	1.00000E+005	1.00000E+005	1.00000E+005	
5.45988E+000	1.00000E+005	1.00000E+005	1.00000E+005	1.00000E+005	1.00000E+005	
6.18757E+000	1.00000E+005	1.00000E+005	1.00000E+005	1.00000E+005	1.00000E+005	
6.88736E+000	1.00000E+005	1.00000E+005	1.00000E+005	1.00000E+005	1.00000E+005	
7.32541E+000	1.00000E+005	1.00000E+005	1.00000E+005	1.00000E+005	1.00000E+005	
7.62121E+000	1.00000E+005	1.00000E+005	1.00000E+005	1.00000E+005	1.00000E+005	
8.70844E+000	1.00000E+005	1.00000E+005	1.00000E+005	1.00000E+005	1.00000E+005	
9.04272E+000	1.00000E+005	1.00000E+005	1.00000E+005	1.00000E+005	1.00000E+005	
9.74582E+000	1.00000E+005	1.00000E+005	1.00000E+005	1.00000E+005	1.00000E+005	
1.02619E+001	1.00000E+005	1.00000E+005	1.00000E+005	1.00000E+005	1.00000E+005	
1.07895E+001	1.00000E+005	1.00000E+005	1.00000E+005	1.00000E+005	1.00000E+005	
1.14905E+001	1.00000E+005	1.00000E+005	1.00000E+005	1.00000E+005	1.00000E+005	
1.19441E+001	1.00000E+005	1.00000E+005	1.00000E+005	1.00000E+005	1.00000E+005	
1.30030E+001	1.00000E+005	1.00000E+005	1.00000E+005	1.00000E+005	1.00000E+005	
1.36353E+001	1.00000E+005	1.00000E+005	1.00000E+005	1.00000E+005	1.00000E+005	
1.41202E+001	1.00000E+005	1.00000E+005	1.00000E+005	1.00000E+005	1.00000E+005	
1.45244E+001	1.00000E+005	1.00000E+005	1.00000E+005	1.00000E+005	1.00000E+005	
1.52607E+001	1.00000E+005	1.00000E+005	1.00000E+005	1.00000E+005	1.00000E+005	
1.64117E+001	1.00000E+005	1.00000E+005	1.00000E+005	1.00000E+005	1.00000E+005	
1.70282E+001	1.00000E+005	1.00000E+005	1.00000E+005	1.00000E+005	1.00000E+005	
1.78205E+001	1.00000E+005	1.00000E+005	1.00000E+005	1.00000E+005	1.00000E+005	
1.83411E+001	1.00000E+005	1.00000E+005	1.00000E+005	1.00000E+005	1.00000E+005	
1.89233E+001	1.00000E+005	1.00000E+005	1.00000E+005	1.00000E+005	1.00000E+005	
1.95824E+001	1.00000E+005	1.00000E+005	1.00000E+005	1.00000E+005	1.00000E+005	
2.03634E+001	1.00000E+005	1.00000E+005	1.00000E+005	1.00000E+005	1.00000E+005	
2.10085E+001	1.00000E+005	1.00000E+005	1.00000E+005	1.00000E+005	1.00000E+005	
2.18973E+001	1.00000E+005	1.00000E+005	1.00000E+005	1.00000E+005	1.00000E+005	
2.31246E+001	1.00000E+005	1.00000E+005	1.00000E+005	1.00000E+005	1.00000E+005	
2.44745E+001	1.00000E+005	1.00000E+005	1.00000E+005	1.00000E+005	1.00000E+005	
2.50552E+001	1.00000E+005	1.00000E+005	1.00000E+005	1.00000E+005	1.00000E+005	
2.57307E+001	1.00000E+005	1.00000E+005	1.00000E+005	1.00000E+005	1.00000E+005	
2.64252E+001	1.00000E+005	1.00000E+005	1.00000E+005	1.00000E+005	1.00000E+005	
2.69867E+001	1.00000E+005	1.00000E+005	1.00000E+005	1.00000E+005	1.00000E+005	
2.83314E+001	1.00000E+005	1.00000E+005	1.00000E+005	1.00000E+005	1.00000E+005	
2.92401E+001	1.00000E+005	1.00000E+005	1.00000E+005	1.00000E+005	1.00000E+005	
3.07195E+001	1.00000E+005	1.00000E+005	1.00000E+005	1.00000E+005	1.00000E+005	
3.18058E+001	1.00000E+005	1.00000E+005	1.00000E+005	1.00000E+005	1.00000E+005	
3.24068E+001	1.00000E+005	1.00000E+005	1.00000E+005	1.00000E+005	1.00000E+005	
3.31546E+001	1.00000E+005	1.00000E+005	1.00000E+005	1.00000E+005	1.00000E+005	
3.36754E+001	1.00000E+005	1.00000E+005	1.00000E+005	1.00000E+005	1.00000E+005	
3.46139E+001	1.00000E+005	1.00000E+005	1.00000E+005	1.00000E+005	1.00000E+005	
3.55333E+001	1.00000E+005	1.00000E+005	1.00000E+005	1.00000E+005	1.00000E+005	
3.68418E+001	1.00000E+005	1.00000E+005	1.00000E+005	1.00000E+005	1.00000E+005	
3.76850E+001	1.00000E+005	1.00000E+005	1.00000E+005	1.00000E+005	1.00000E+005	
3.88627E+001	1.00000E+005	1.00000E+005	1.00000E+005	1.00000E+005	1.00000E+005	
3.94865E+001	1.00000E+005	1.00000E+005	1.00000E+005	1.05182E+005	1.00000E+005	
4.05541E+001	1.00000E+005	1.00000E+005	1.00000E+005	1.05307E+005	1.00000E+005	
4.16350E+001	1.00000E+005	1.00000E+005	1.00000E+005	1.05389E+005	1.00000E+005	
4.24582E+001	1.00000E+005	1.00000E+005	1.00000E+005	1.06090E+005	1.00000E+005	
4.32230E+001	1.00000E+005	1.00000E+005	1.00000E+005	1.06107E+005	1.00000E+005	
4.39756E+001	1.00000E+005	1.00000E+005	1.00000E+005	1.06535E+005	1.00000E+005	
4.57440E+001	1.00000E+005	1.00000E+005	1.00000E+005	1.06354E+005	1.00000E+005	
4.71479E+001	1.00000E+005	1.00000E+005	1.00000E+005	1.06973E+005	1.00000E+005	
4.94223E+001	1.00000E+005	1.00000E+005	1.00000E+005	1.07160E+005	1.00000E+005	
5.04974E+001	1.00000E+005	1.00000E+005	1.00000E+005	1.08330E+005	1.00000E+005	
5.15074E+001	1.00000E+005	1.00000E+005	1.00000E+005	1.09511E+005	1.00000E+005	
5.24216E+001	1.00000E+005	1.00000E+005	1.00000E+005	1.09414E+005	1.00000E+005	
5.37774E+001	1.00000E+005	1.00000E+005	1.00000E+005	1.10449E+005	1.00000E+005	
5.47965E+001	1.00000E+005	1.00000E+005	1.00000E+005	1.10470E+005	1.00000E+005	
5.57278E+001	1.00000E+005	1.00000E+005	1.00000E+005	1.10716E+005	1.00000E+005	
5.66308E+001	1.00000E+005	1.00000E+005	1.00000E+005	1.10820E+005	1.00000E+005	
5.80448E+001	1.00000E+005	1.00000E+005	1.00000E+005	1.11358E+005	1.00000E+005	
5.94252E+001	1.00000E+005	1.00000E+005	1.00000E+005	1.11640E+005	1.00000E+005	
6.12289E+001	1.00000E+005	1.00000E+005	1.00000E+005	1.11802E+005	1.00000E+005	
6.20071E+001	1.00000E+005	1.00000E+005	1.00000E+005	1.11933E+005	1.00000E+005	
6.31018E+001	1.00000E+005	1.00000E+005	1.00000E+005	1.12329E+005	1.00000E+005	
6.43719E+001	1.00000E+005	1.00000E+005	1.00000E+005	1.12893E+005	1.00000E+005	
6.56887E+001	1.00000E+005	1.00000E+005	1.00000E+005	1.13662E+005	1.00000E+005	
6.63064E+001	1.00000E+005	1.00000E+005	1.00000E+005	1.13668E+005	1.00000E+005	
6.73086E+001	1.00000E+005	1.00000E+005	1.00000E+005	1.14052E+005	1.00000E+005	
6.85516E+001	1.00000E+005	1.00000E+005	1.00000E+005	1.14583E+005	1.00000E+005	
6.97711E+001	1.00000E+005	1.00000E+005	1.00000E+005	1.14926E+005	1.00000E+005	
7.11148E+001	1.00000E+005	1.00000E+005	1.00000E+005	1.15165E+005	1.00000E+005	
7.24848E+001	1.00000E+005	1.00000E+005	1.00000E+005	1.15365E+005	1.00000E+005	
7.34412E+001	1.00000E+005	1.00000E+005	1.00000E+005	1.15615E+005	1.00000E+005	
7.47205E+001	1.00000E+005	1.00000E+005	1.00000E+005	1.15799E+005	1.00000E+005	
7.60603E+001	1.00000E+005	1.00000E+005	1.00000E+005	1.16267E+005	1.00000E+005	
7.68437E+001	1.00000E+005	1.00000E+005	1.00000E+005	1.16772E+005	1.00000E+005	
7.83310E+001	1.00000E+005	1.00000E+005	1.00000E+005	1.17264E+005	1.00000E+005	
7.95944E+001	1.00000E+005	1.00000E+005	1.00000E+005	1.17658E+005	1.00000E+005	
8.02285E+001	1.00000E+005	1.00000E+005	1.00000E+005	1.17827E+005	1.00000E+005	
8.11811E+001	1.00000E+005	1.00000E+005	1.00000E+005	1.18182E+005	1.00000E+005	
8.26229E+001	1.00000E+005	1.00000E+005	1.00000E+005	1.18533E+005	1.00000E+005	
8.32052E+001	1.00000E+005	1.00000E+005	1.00000E+005	1.18908E+005	1.00000E+005	
8.41852E+001	1.00000E+005	1.00000E+005	1.00000E+005	1.19296E+005	1.00000E+005	
8.66908E+001	1.00000E+005	1.00000E+005	1.00000E+005	1.19457E+005	1.00000E+005	
8.75980E+001	1.00000E+005	1.00000E+005	1.00000E+005	1.20075E+005	1.00000E+005	
8.82394E+001	1.00000E+005	1.00000E+005	1.00000E+005	1.20348E+005	1.00000E+005	
8.93762E+001	1.00000E+005	1.00000E+005	1.00000E+005	1.20996E+005	1.00000E+005	
9.10080E+001	1.00000E+005	1.00000E+005	1.00000E+005	1.22384E+005	1.00000E+005	
9.16797E+001	1.00000E+005	1.00000E+005	1.00000E+005	1.22571E+005	1.00000E+005	
9.23202E+001	1.00000E+005	1.00000E+005	1.00000E+005	1.22877E+005	1.00000E+005	
9.30015E+001	1.00000E+005	1.00000E+005	1.00000E+005	1.22965E+005	1.00000E+005	
9.40739E+001	1.00000E+005	1.00000E+005	1.00000E+005	1.23527E+005	1.00000E+005	
9.46528E+001	1.00000E+005	1.00000E+005	1.00000E+005	1.23673E+005	1.00000E+005	
9.54558E+001	1.00000E+005	1.00000E+005	1.00000E+005	1.24006E+005	1.00000E+005	
9.66681E+001	1.00000E+005	1.00000E+005	1.00000E+005	1.24175E+005	1.00000E+005	
9.73595E+001	9.94606E+004	1.00000E+005	1.00000E+005	1.24358E+005	1.00000E+005	
9.78134E+001	9.93510E+004	1.00000E+005	1.00000E+005	1.24451E+005	1.00000E+005	
9.87669E+001	9.91079E+004	1.00000E+005	1.00000E+005	1.24972E+005	1.00000E+005	
9.99081E+001	9.90533E+004	1.00000E+005	1.00000E+005	1.25292E+005	1.00000E+005	
1.00653E+002	9.88824E+004	1.00000E+005	1.00000E+005	1.25396E+005	1.00000E+005	
1.01731E+002	9.87642E+004	1.00000E+005	1.00000E+005	1.25498E+005	1.00000E+005	
1.02651E+002	9.97649E+004	1.00000E+005	1.00000E+005	1.25608E+005	1.00000E+005	
1.03191E+002	9.98947E+004	1.00000E+005	1.00000E+005	1.26422E+005	1.00000E+005	
1.03828E+002	9.99072E+004	1.00000E+005	1.00000E+005	1.26473E+005	1.00000E+005	
1.04721E+002	9.99508E+004	1.00000E+005	1.00000E+005	1.26696E+005	1.00000E+005	
1.05059E+002	1.01113E+005	1.00000E+005	1.00000E+005	1.26824E+005	1.00000E+005	
1.06224E+002	1.01158E+005	1.00000E+005	1.00000E+005	1.26996E+005	1.00000E+005	
1.07175E+002	1.01404E+005	1.00000E+005	1.00000E+005	1.27196E+005	1.00000E+005	
1.07773E+002	1.01443E+005	1.00000E+005	1.00000E+005	1.27214E+005	1.00000E+005	
1.08640E+002	1.01750E+005	1.00000E+005	1.00000E+005	1.27491E+005	1.00000E+005	
1.09236E+002	1.02081E+005	1.00000E+005	1.00000E+005	1.27561E+005	1.00000E+005	
1.09799E+002	1.02349E+005	1.00000E+005	1.00000E+005	1.27647E+005	1.00000E+005	
1.10505E+002	1.02466E+005	1.00000E+005	1.00000E+005	1.27857E+005	1.00000E+005	
1.11421E+002	1.02535E+005	1.00000E+005	1.00000E+005	1.27943E+005	1.00000E+005	
1.12163E+002	1.02796E+005	1.00000E+005	1.00000E+005	1.28317E+005	1.00000E+005	
1.13071E+002	1.02922E+005	1.00000E+005	1.00000E+005	1.28426E+005	1.00000E+005	
1.13873E+002	1.02988E+005	1.00000E+005	1.00000E+005	1.28447E+005	1.00000E+005	
1.14514E+002	1.03400E+005	1.00000E+005	1.00000E+005	1.28504E+005	1.00000E+005	
1.15137E+002	1.03676E+005	1.00000E+005	1.00000E+005	1.28669E+005	1.00000E+005	
1.15410E+002	1.03802E+005	1.00000E+005	1.00000E+005	1.28709E+005	1.00000E+005	
1.16909E+002	1.03995E+005	1.00000E+005	1.00000E+005	1.29278E+005	1.00000E+005	
1.17681E+002	1.04335E+005	1.00000E+005	1.00000E+005	1.29651E+005	1.00000E+005	
1.18857E+002	1.04574E+005	1.00000E+005	1.00000E+005	1.29890E+005	1.00000E+005	
1.19429E+002	1.04824E+005	1.00000E+005	1.00000E+005	1.29951E+005	1.00000E+005	
1.20205E+002	1.04868E+005	1.00000E+005	1.00000E+005	1.29973E+005	1.00000E+005	
1.20490E+002	1.05021E+005	1.00000E+005	1.00000E+005	1.30090E+005	1.00000E+005	
1.21098E+002	1.05282E+005	1.00000E+005	1.00000E+005	1.30146E+005	1.00000E+005	
1.21984E+002	1.05537E+005	1.00000E+005	1.00000E+005	1.30242E+005	1.00000E+005	
1.23023E+002	1.05782E+005	1.00000E+005	1.00000E+005	1.30545E+005	1.00000E+005	
1.23517E+002	1.05972E+005	1.00000E+005	1.00000E+005	1.30778E+005	1.00000E+005	
1.24854E+002	1.06238E+005	1.00000E+005	1.00000E+005	1.30968E+005	1.00000E+005	
1.25477E+002	1.06416E+005	1.00000E+005	1.00000E+005	1.31054E+005	1.00000E+005	
1.26202E+002	1.06882E+005	1.00000E+005	1.00000E+005	1.31390E+005	1.00000E+005	
1.28172E+002	1.07191E+005	1.00000E+005	1.00000E+005	1.31690E+005	1.00000E+005	
1.28537E+002	1.07281E+005	1.00000E+005	1.00000E+005	1.31718E+005	1.00000E+005	
1.29230E+002	1.07496E+005	1.00000E+005	1.00000E+005	1.31787E+005	1.00000E+005	
1.30541E+002	1.07542E+005	1.00000E+005	1.00000E+005	1.31807E+005	1.00000E+005	
1.31096E+002	1.07745E+005	1.00000E+005	1.00000E+005	1.31929E+005	1.00000E+005	
1.31807E+002	1.07951E+005	1.00000E+005	1.00000E+005	1.32025E+005	1.00000E+005	
1.32515E+002	1.07994E+005	1.00000E+005	1.00000E+005	1.32021E+005	1.00000E+005	
1.33056E+002	1.08198E+005	1.00000E+005	1.00000E+005	1.32283E+005	1.00000E+005	
1.33855E+002	1.08348E+005	1.00000E+005	1.00000E+005	1.32372E+005	1.00000E+005	
1.34905E+002	1.08731E+005	1.00000E+005	1.00000E+005	1.32552E+005	1.00000E+005	
1.35355E+002	1.08831E+005	1.00000E+005	1.00000E+005	1.32668E+005	1.00000E+005	
1.36321E+002	1.09068E+005	1.00000E+005	1.00000E+005	1.32842E+005	1.00000E+005	
1.37346E+002	1.09159E+005	1.00000E+005	1.00000E+005	1.32873E+005	1.00000E+005	
1.37864E+002	1.09180E+005	1.00000E+005	1.00000E+005	1.32872E+005	1.00000E+005	
1.38508E+002	1.09479E+005	1.00000E+005	1.00000E+005	1.33112E+005	1.00000E+005	
1.39005E+002	1.09615E+005	1.00000E+005	1.00000E+005	1.33365E+005	1.00000E+005	
1.40036E+002	1.09753E+005	1.00000E+005	1.00000E+005	1.33463E+005	1.00000E+005	
1.40530E+002	1.10097E+005	1.00000E+005	1.00000E+005	1.33688E+005	1.00000E+005	
1.41410E+002	1.10155E+005	1.00000E+005	1.00000E+005	1.33706E+005	1.00000E+005	
1.42574E+002	1.10256E+005	1.00000E+005	1.00000E+005	1.33750E+005	1.00000E+005	
1.43082E+002	1.10419E+005	1.00000E+005	1.00000E+005	1.33824E+005	1.00000E+005	
1.43658E+002	1.11159E+005	1.00000E+005	1.00000E+005	1.34365E+005	1.00000E+005	
1.43942E+002	1.11222E+005	1.00000E+005	1.00000E+005	1.34447E+005	1.00000E+005	
1.44391E+002	1.11261E+005	1.00000E+005	1.00000E+005	1.34462E+005	1.00000E+005	
1.45287E+002	1.11289E+005	1.00000E+005	1.00000E+005	1.34482E+005	1.00000E+005	
1.46300E+002	1.11564E+005	1.00000E+005	1.00000E+005	1.34840E+005	1.00000E+005	
1.46984E+002	1.11671E+005	1.00000E+005	1.00000E+005	1.34972E+005	1.00000E+005	
1.48042E+002	1.11795E+005	1.00000E+005	1.00000E+005	1.35036E+005	1.00000E+005	
1.49730E+002	1.11973E+005	1.00000E+005	1.00000E+005	1.35104E+005	1.00000E+005	
1.50439E+002	1.12120E+005	1.00000E+005	1.00000E+005	1.35172E+005	1.00000E+005	
1.51012E+002	1.12380E+005	1.00000E+005	1.00000E+005	1.35326E+005	1.00000E+005	
1.51527E+002	1.12422E+005	1.00000E+005	1.00000E+005	1.35343E+005	1.00000E+005	
1.51892E+002	1.12461E+005	1.00000E+005	1.00000E+005	1.35370E+005	1.00000E+005	
1.52511E+002	1.12500E+005	1.00000E+005	1.00000E+005	1.35390E+005	1.00000E+005	
1.53065E+002	1.12801E+005	1.00000E+005	1.00000E+005	1.35544E+005	1.00000E+005	
1.53692E+002	1.12859E+005	1.00000E+005	1.00000E+005	1.35579E+005	1.00000E+005	
1.54716E+002	1.12910E+005	1.00000E+005	1.00000E+005	1.35597E+005	1.00000E+005	
1.55724E+002	1.13026E+005	1.00000E+005	1.00000E+005	1.35672E+005	1.00000E+005	
1.56561E+002	1.13135E+005	1.00000E+005	1.00000E+005	1.35743E+005	1.00000E+005	
1.57482E+002	1.13543E+005	1.00000E+005	1.00000E+005	1.36009E+005	1.00000E+005	
1.57970E+002	1.13733E+005	1.00000E+005	1.00000E+005	1.36116E+005	1.00000E+005	
1.58409E+002	1.13774E+005	1.00000E+005	1.00000E+005	1.36150E+005	1.00000E+005	
1.59834E+002	1.14189E+005	1.00000E+005	1.00000E+005	1.36497E+005	1.00000E+005	
1.60347E+002	1.14191E+005	1.00000E+005	1.00000E+005	1.36492E+005	1.00000E+005	
1.60911E+002	1.14258E+005	1.00000E+005	1.00000E+005	1.36529E+005	1.00000E+005	
1.61487E+002	1.14476E+005	1.00000E+005	1.00000E+005	1.36750E+005	1.00000E+005	
1.62026E+002	1.14593E+005	1.00000E+005	1.00000E+005	1.36843E+005	1.00000E+005	
1.63083E+002	1.14798E+005	1.00000E+005	1.00000E+005	1.36941E+005	1.00000E+005	
1.63972E+002	1.14913E+005	1.00000E+005	1.00000E+005	1.36988E+005	1.00000E+005	
1.64905E+002	1.14933E+005	1.00000E+005	1.00000E+005	1.36992E+005	1.00000E+005	
1.65640E+002	1.15087E+005	1.00000E+005	1.00000E+005	1.37167E+005	1.00000E+005	
1.66343E+002	1.15225E+005	1.00000E+005	1.00000E+005	1.37232E+005	1.00000E+005	
1.66800E+002	1.15463E+005	1.00000E+005	1.00000E+005	1.37493E+005	1.00000E+005	
1.67285E+002	1.15556E+005	1.00000E+005	1.00000E+005	1.37558E+005	1.00000E+005	
1.67968E+002	1.15563E+005	1.00000E+005	1.00000E+005	1.37554E+005	1.00000E+005	
1.68759E+002	1.15726E+005	1.00000E+005	1.00000E+005	1.37652E+005	1.00000E+005	
1.69413E+002	1.15900E+005	1.00000E+005	1.00000E+005	1.37763E+005	1.00000E+005	
1.70067E+002	1.15980E+005	1.00000E+005	1.00000E+005	1.37850E+005	1.00000E+005	
1.70835E+002	1.16080E+005	1.00000E+005	1.00000E+005	1.37916E+005	1.00000E+005	
1.71520E+002	1.16300E+005	1.00000E+005	1.00000E+005	1.38046E+005	1.00000E+005	
1.72061E+002	1.16290E+005	1.00000E+005	1.00000E+005	1.38043E+005	1.00000E+005	
1.73597E+002	1.16656E+005	1.00000E+005	1.00000E+005	1.38284E+005	1.00000E+005	
1.74135E+002	1.16651E+005	1.00000E+005	1.00000E+005	1.38281E+005	1.00000E+005	
1.75431E+002	1.16808E+005	1.00000E+005	1.00000E+005	1.38400E+005	1.00000E+005	
1.76332E+002	1.16951E+005	1.00000E+005	1.00000E+005	1.38473E+005	1.00000E+005	
1.77246E+002	1.17068E+005	1.00000E+005	1.00000E+005	1.38552E+005	1.00000E+005	
1.78349E+002	1.17420E+005	1.00000E+005	1.00000E+005	1.38813E+005	1.00000E+005	
1.79609E+002	1.17429E+005	1.00000E+005	1.00000E+005	1.38807E+005	1.00000E+005	
1.79987E+002	1.17568E+005	1.00000E+005	1.00000E+005	1.38900E+005	1.00000E+005	
1.81280E+002	1.17887E+005	1.00000E+005	1.00000E+005	1.39172E+005	1.00000E+005	
1.81693E+002	1.18067E+005	1.00000E+005	1.00000E+005	1.39271E+005	1.00000E+005	
1.82682E+002	1.18123E+005	1.00000E+005	1.00000E+005	1.39297E+005	1.00000E+005	
1.84294E+002	1.18361E+005	1.00000E+005	1.00000E+005	1.39448E+005	1.00000E+005	
1.85340E+002	1.18516E+005	1.00000E+005	1.00000E+005	1.39598E+005	1.00000E+005	
1.85731E+002	1.18605E+005	1.00000E+005	1.00000E+005	1.39640E+005	1.00000E+005	
1.86876E+002	1.18602E+005	1.00000E+005	1.00000E+005	1.39640E+005	1.00000E+005	
1.87867E+002	1.18855E+005	1.00000E+005	1.00000E+005	1.39869E+005	1.00000E+005	
1.88901E+002	1.18949E+005	1.00000E+005	1.00000E+005	1.39918E+005	1.00000E+005	
1.89873E+002	1.18976E+005	1.00000E+005	1.00000E+005	1.39934E+005	1.00000E+005	
1.90937E+002	1.19104E+005	1.00000E+005	1.00000E+005	1.40018E+005	1.00000E+005	
1.91429E+002	1.19216E+005	1.00000E+005	1.00000E+005	1.40078E+005	1.00000E+005	
1.92548E+002	1.19390E+005	1.00000E+005	1.00000E+005	1.40237E+005	1.00000E+005	
1.93232E+002	1.19580E+005	1.00000E+005	1.00000E+005	1.40383E+005	1.00000E+005	
1.93941E+002	1.19660E+005	1.00000E+005	1.00000E+005	1.40412E+005	1.00000E+005	
1.94582E+002	1.19649E+005	1.00000E+005	1.00000E+005	1.40423E+005	1.00000E+005	
1.95086E+002	1.19712E+005	1.00000E+005	1.00000E+005	1.40452E+005	1.00000E+005	
1.96062E+002	1.19770E+005	1.00000E+005	1.00000E+005	1.40494E+005	1.00000E+005	
1.96512E+002	1.19816E+005	1.00000E+005	1.00000E+005	1.40521E+005	1.00000E+005	
1.97554E+002	1.19883E+005	1.00000E+005	1.00000E+005	1.40593E+005	1.00000E+005	
1.98620E+002	1.20141E+005	1.00000E+005	1.00000E+005	1.40775E+005	1.00000E+005	
1.99158E+002	1.20383E+005	1.00000E+005	1.00000E+005	1.41086E+005	1.00000E+005	
1.99742E+002	1.20374E+005	1.00000E+005	1.00000E+005	1.41088E+005	1.00000E+005	
1.99954E+002	1.20380E+005	1.00000E+005	1.00000E+005	1.41089E+005	1.00000E+005	
2.00351E+002	1.20462E+005	1.00000E+005	1.00000E+005	1.41125E+005	1.00000E+005	
2.01970E+002	1.20568E+005	1.00000E+005	1.00000E+005	1.41214E+005	1.00000E+005	
2.02756E+002	1.20833E+005	1.00000E+005	1.00000E+005	1.41373E+005	1.00000E+005	
2.03563E+002	1.20839E+005	1.00000E+005	1.00000E+005	1.41371E+005	1.00000E+005	
2.04891E+002	1.20985E+005	1.00000E+005	1.00000E+005	1.41480E+005	1.00000E+005	
2.06762E+002	1.21272E+005	1.00000E+005	1.00000E+005	1.41699E+005	1.00000E+005	
2.07691E+002	1.21356E+005	1.00000E+005	1.00000E+005	1.41751E+005	1.00000E+005	
2.08914E+002	1.21469E+005	1.00000E+005	1.00000E+005	1.41819E+005	1.00000E+005	
2.09739E+002	1.21737E+005	1.00000E+005	1.00000E+005	1.42032E+005	1.00000E+005	
2.11157E+002	1.21737E+005	1.00000E+005	1.00000E+005	1.42026E+005	1.00000E+005	
2.12482E+002	1.21759E+005	1.00000E+005	1.00000E+005	1.42031E+005	1.00000E+005	
2.13042E+002	1.21839E+005	1.00000E+005	1.00000E+005	1.42089E+005	1.00000E+005	
2.14035E+002	1.21865E+005	1.00000E+005	1.00000E+005	1.42097E+005	1.00000E+005	
2.14910E+002	1.22007E+005	1.00000E+005	1.00000E+005	1.42241E+005	1.00000E+005	
2.16164E+002	1.22160E+005	1.00000E+005	1.00000E+005	1.42409E+005	1.00000E+005	
2.16738E+002	1.22208E+005	1.00000E+005	1.00000E+005	1.42429E+005	1.00000E+005	
2.17669E+002	1.22383E+005	1.00000E+005	1.00000E+005	1.42585E+005	1.00000E+005	
2.18897E+002	1.22396E+005	1.00000E+005	1.00000E+005	1.42592E+005	1.00000E+005	
2.19781E+002	1.22437E+005	1.00000E+005	1.00000E+005	1.42607E+005	1.00000E+005	
2.21061E+002	1.22946E+005	1.00000E+005	1.00000E+005	1.43003E+005	1.00000E+005	
2.21510E+002	1.22940E+005	1.00000E+005	1.00000E+005	1.43002E+005	1.00000E+005	
2.22999E+002	1.23155E+005	1.00000E+005	1.00000E+005	1.43148E+005	1.00000E+005	
2.24313E+002	1.23204E+005	1.00000E+005	1.00000E+005	1.43177E+005	1.00000E+005	
2.25472E+002	1.23292E+005	1.00431E+005	1.00000E+005	1.43235E+005	1.00000E+005	
2.26291E+002	1.23291E+005	1.00433E+005	1.00000E+005	1.43234E+005	1.00000E+005	
2.27175E+002	1.23383E+005	1.00451E+005	1.00000E+005	1.43309E+005	1.00000E+005	
2.28977E+002	1.23441E+005	1.00519E+005	1.00000E+005	1.43353E+005	1.00000E+005	
2.29868E+002	1.23675E+005	1.00581E+005	1.00000E+005	1.43579E+005	1.00000E+005	
2.30508E+002	1.23691E+005	1.00681E+005	1.00000E+005	1.43585E+005	1.00000E+005	
2.31920E+002	1.23930E+005	1.00739E+005	1.00000E+005	1.43786E+005	1.00000E+005	
2.33272E+002	1.24004E+005	1.00758E+005	1.00000E+005	1.43835E+005	1.00000E+005	
2.35084E+002	1.24119E+005	1.00789E+005	1.00000E+005	1.43901E+005	1.00000E+005	
2.36391E+002	1.24137E+005	1.00981E+005	1.00000E+005	1.43927E+005	1.00000E+005	
2.38256E+002	1.24305E+005	1.01319E+005	1.00000E+005	1.44047E+005	1.00000E+005	
2.39605E+002	1.24484E+005	1.01754E+005	1.00000E+005	1.44223E+005	1.00000E+005	
2.41315E+002	1.24606E+005	1.01920E+005	1.00000E+005	1.44306E+005	1.00000E+005	
2.42482E+002	1.24748E+005	1.01989E+005	1.00000E+005	1.44422E+005	1.00000E+005	
2.44399E+002	1.24845E+005	1.02173E+005	1.00000E+005	1.44477E+005	1.00000E+005	
2.46476E+002	1.25426E+005	1.03250E+005	1.00761E+005	1.44928E+005	1.00761E+005	
2.48289E+002	1.25994E+005	1.04012E+005	1.01432E+005	1.45335E+005	1.01432E+005	
2.49609E+002	1.26704E+005	1.04812E+005	1.01940E+005	1.45924E+005	1.01940E+005	
2.53856E+002	1.27686E+005	1.06477E+005	1.04441E+005	1.46672E+005	1.03404E+005	
2.55545E+002	1.28170E+005	1.07220E+005	1.05041E+005	1.47042E+005	1.03977E+005	
2.56790E+002	1.28445E+005	1.07669E+005	1.05496E+005	1.47249E+005	1.04390E+005	
2.57738E+002	1.28934E+005	1.08487E+005	1.06166E+005	1.47612E+005	1.05055E+005	
2.58472E+002	1.29122E+005	1.08781E+005	1.06391E+005	1.47747E+005	1.05269E+005	
2.60022E+002	1.29458E+005	1.09389E+005	1.07368E+005	1.48004E+005	1.05740E+005	
2.63306E+002	1.30149E+005	1.10482E+005	1.08383E+005	1.48535E+005	1.06733E+005	
2.65153E+002	1.30757E+005	1.11247E+005	1.09036E+005	1.49038E+005	1.07315E+005	
2.66776E+002	1.31079E+005	1.11744E+005	1.09592E+005	1.49284E+005	1.07808E+005	
2.69290E+002	1.31601E+005	1.12603E+005	1.10616E+005	1.49680E+005	1.08585E+005	
2.70279E+002	1.31805E+005	1.12985E+005	1.11027E+005	1.49834E+005	1.08873E+005	
2.72012E+002	1.32144E+005	1.13600E+005	1.11543E+005	1.50094E+005	1.09379E+005	
2.76161E+002	1.32945E+005	1.14862E+005	1.12842E+005	1.50720E+005	1.10609E+005	
2.78075E+002	1.33418E+005	1.15650E+005	1.13593E+005	1.51083E+005	1.11176E+005	
2.80019E+002	1.33786E+005	1.16293E+005	1.14163E+005	1.51362E+005	1.11704E+005	
2.82471E+002	1.34305E+005	1.17113E+005	1.14889E+005	1.51779E+005	1.12383E+005	
2.83731E+002	1.34565E+005	1.17557E+005	1.15280E+005	1.51984E+005	1.12718E+005	
2.85851E+002	1.34859E+005	1.18038E+005	1.15808E+005	1.52212E+005	1.13230E+005	
2.88484E+002	1.35237E+005	1.18678E+005	1.16502E+005	1.52501E+005	1.13846E+005	
2.90478E+002	1.35584E+005	1.19301E+005	1.17048E+005	1.52764E+005	1.14322E+005	
2.93335E+002	1.36033E+005	1.20004E+005	1.17705E+005	1.53119E+005	1.14976E+005	
2.95264E+002	1.36356E+005	1.20502E+005	1.18176E+005	1.53375E+005	1.15416E+005	
2.96568E+002	1.36531E+005	1.20804E+005	1.18525E+005	1.53510E+005	1.15713E+005	
2.98161E+002	1.36767E+005	1.21199E+005	1.18998E+005	1.53689E+005	1.16072E+005	
3.01550E+002	1.37226E+005	1.21959E+005	1.19726E+005	1.54044E+005	1.16823E+005	
3.03523E+002	1.37475E+005	1.22378E+005	1.20163E+005	1.54232E+005	1.17267E+005	
3.06247E+002	1.37876E+005	1.23068E+005	1.20795E+005	1.54543E+005	1.17869E+005	
3.09695E+002	1.38319E+005	1.23806E+005	1.21584E+005	1.54881E+005	1.18608E+005	
3.12854E+002	1.38699E+005	1.24453E+005	1.22215E+005	1.55169E+005	1.19230E+005	
3.15463E+002	1.39015E+005	1.24965E+005	1.22753E+005	1.55411E+005	1.19734E+005	
3.20223E+002	1.39570E+005	1.25866E+005	1.23650E+005	1.55844E+005	1.20638E+005	
3.25455E+002	1.40221E+005	1.26907E+005	1.24717E+005	1.56344E+005	1.21702E+005	
3.27574E+002	1.40473E+005	1.27337E+005	1.25173E+005	1.56534E+005	1.22133E+005	
3.31422E+002	1.40966E+005	1.28138E+005	1.25905E+005	1.56924E+005	1.22887E+005	
3.36115E+002	1.41453E+005	1.28933E+005	1.26684E+005	1.57301E+005	1.23715E+005	
3.37873E+002	1.41637E+005	1.29260E+005	1.26984E+005	1.57436E+005	1.24011E+005	
3.42064E+002	1.42007E+005	1.29860E+005	1.27610E+005	1.57725E+005	1.24694E+005	
3.47786E+002	1.42511E+005	1.30676E+005	1.28436E+005	1.58107E+005	1.25633E+005	
3.52524E+002	1.42950E+005	1.31380E+005	1.29164E+005	1.58443E+005	1.26433E+005	
3.55557E+002	1.43243E+005	1.31869E+005	1.29630E+005	1.58661E+005	1.26934E+005	
3.59835E+002	1.43630E+005	1.32499E+005	1.30272E+005	1.58966E+005	1.27591E+005	
3.62749E+002	1.43882E+005	1.32927E+005	1.30701E+005	1.59153E+005	1.28036E+005	
3.67238E+002	1.44311E+005	1.33618E+005	1.31354E+005	1.59492E+005	1.28712E+005	
3.73090E+002	1.44757E+005	1.34350E+005	1.32103E+005	1.59830E+005	1.29546E+005	
3.76271E+002	1.45018E+005	1.34772E+005	1.32543E+005	1.60028E+005	1.30018E+005	
3.80768E+002	1.45396E+005	1.35396E+005	1.33172E+005	1.60319E+005	1.30666E+005	
3.86730E+002	1.45827E+005	1.36080E+005	1.33880E+005	1.60646E+005	1.31480E+005	
3.92191E+002	1.46240E+005	1.36763E+005	1.34556E+005	1.60961E+005	1.32217E+005	
4.03077E+002	1.47020E+005	1.37985E+005	1.35813E+005	1.61565E+005	1.33678E+005	
4.06443E+002	1.47251E+005	1.38371E+005	1.36199E+005	1.61730E+005	1.34097E+005	
4.11129E+002	1.47544E+005	1.38842E+005	1.36674E+005	1.61950E+005	1.34646E+005	
4.19180E+002	1.48040E+005	1.39655E+005	1.37481E+005	1.62335E+005	1.35548E+005	
4.25979E+002	1.48435E+005	1.40272E+005	1.38124E+005	1.62641E+005	1.36294E+005	
4.34035E+002	1.48881E+005	1.40992E+005	1.38868E+005	1.62976E+005	1.37170E+005	
4.42787E+002	1.49338E+005	1.41728E+005	1.39641E+005	1.63315E+005	1.38080E+005	
4.51031E+002	1.49780E+005	1.42418E+005	1.40356E+005	1.63660E+005	1.38907E+005	
4.60750E+002	1.50267E+005	1.43206E+005	1.41161E+005	1.64027E+005	1.39845E+005	
4.75906E+002	1.50975E+005	1.44341E+005	1.42338E+005	1.64557E+005	1.41252E+005	
4.85929E+002	1.51436E+005	1.45041E+005	1.43053E+005	1.64922E+005	1.42081E+005	
4.96930E+002	1.51886E+005	1.45762E+005	1.43789E+005	1.65262E+005	1.42945E+005	
5.08606E+002	1.52315E+005	1.46456E+005	1.44501E+005	1.65587E+005	1.43800E+005	
5.22091E+002	1.52777E+005	1.47199E+005	1.45274E+005	1.65931E+005	1.44739E+005	
5.33884E+002	1.53125E+005	1.47752E+005	1.45850E+005	1.66186E+005	1.45441E+005	
5.59322E+002	1.53834E+005	1.48884E+005	1.47038E+005	1.66718E+005	1.46887E+005	
5.74663E+002	1.54309E+005	1.49551E+005	1.47720E+005	1.67110E+005	1.47696E+005	
6.05857E+002	1.55134E+005	1.50865E+005	1.49098E+005	1.67741E+005	1.49385E+005	
6.23060E+002	1.55497E+005	1.51447E+005	1.49704E+005	1.68002E+005	1.50124E+005	
6.58176E+002	1.56176E+005	1.52534E+005	1.50838E+005	1.68515E+005	1.51520E+005	
7.00728E+002	1.56726E+005	1.53410E+005	1.51756E+005	1.68920E+005	1.52653E+005	
7.54378E+002	1.57333E+005	1.54375E+005	1.52770E+005	1.69373E+005	1.53912E+005	
7.93640E+002	1.57682E+005	1.54931E+005	1.53356E+005	1.69624E+005	1.54642E+005	
8.52879E+002	1.58110E+005	1.55606E+005	1.54063E+005	1.69942E+005	1.55518E+005	
9.12820E+002	1.58492E+005	1.56219E+005	1.54711E+005	1.70228E+005	1.56323E+005	
9.73974E+002	1.58837E+005	1.56736E+005	1.55252E+005	1.70496E+005	1.56986E+005	
1.09383E+003	1.59359E+005	1.57563E+005	1.56122E+005	1.70889E+005	1.58071E+005	
1.19993E+003	1.59645E+005	1.58020E+005	1.56606E+005	1.71095E+005	1.58674E+005	
1.59132E+003	1.60332E+005	1.59112E+005	1.57758E+005	1.71616E+005	1.60111E+005	
2.32866E+003	1.61307E+005	1.59839E+005	1.58438E+005	1.72766E+005	1.60711E+005	
3.04697E+003	1.61756E+005	1.60559E+005	1.59196E+005	1.73097E+005	1.61654E+005	
4.39669E+003	1.62061E+005	1.61041E+005	1.59703E+005	1.73313E+005	1.62292E+005	
6.17110E+003	1.62539E+005	1.61803E+005	1.60511E+005	1.73675E+005	1.63296E+005	
6.83968E+003	1.62844E+005	1.62285E+005	1.61017E+005	1.73891E+005	1.63934E+005	
8.28617E+003	1.63482E+005	1.63298E+005	1.62090E+005	1.74383E+005	1.65280E+005	
9.57817E+003	1.64259E+005	1.64536E+005	1.63399E+005	1.74958E+005	1.66916E+005	
1.02512E+004	1.65098E+005	1.65860E+005	1.64796E+005	1.75579E+005	1.68670E+005	
1.06185E+004	1.65267E+005	1.66140E+005	1.65093E+005	1.75688E+005	1.69044E+005	
1.15566E+004	1.65562E+005	1.66598E+005	1.65579E+005	1.75912E+005	1.69652E+005	
1.24197E+004	1.65666E+005	1.66805E+005	1.65797E+005	1.75998E+005	1.69927E+005	
1.48992E+004	1.66012E+005	1.67313E+005	1.66331E+005	1.76244E+005	1.70596E+005	
2.05440E+004	1.66812E+005	1.68583E+005	1.67679E+005	1.76854E+005	1.72283E+005	
2.12768E+004	1.66889E+005	1.68764E+005	1.67868E+005	1.76911E+005	1.72528E+005	
2.34221E+004	1.67351E+005	1.69437E+005	1.68579E+005	1.77239E+005	1.73415E+005	
2.78427E+004	1.68169E+005	1.70739E+005	1.69957E+005	1.77859E+005	1.75135E+005	
2.87497E+004	1.68329E+005	1.71008E+005	1.70242E+005	1.77961E+005	1.75497E+005	
3.30318E+004	1.68877E+005	1.71863E+005	1.71146E+005	1.78379E+005	1.76624E+005	
3.44272E+004	1.69079E+005	1.72192E+005	1.71492E+005	1.78512E+005	1.77064E+005	
3.89119E+004	1.69796E+005	1.73324E+005	1.72689E+005	1.79065E+005	1.78556E+005	
4.33614E+004	1.70380E+005	1.74247E+005	1.73668E+005	1.79493E+005	1.79781E+005	
4.50513E+004	1.70801E+005	1.74911E+005	1.74369E+005	1.79796E+005	1.80668E+005	
