# nb_columns : 6
# title="Sensor Pressure History"
# x_var="time (s)"
# y_var="pressure (Pa)"
# column 2 : legend_text="sensor1"
# column 3 : legend_text="sensor2"
# column 4 : legend_text="sensor3"
# column 5 : legend_text="sensor4"
# column 6 : legend_text="sensor5"
0.00000E+000	1.00000E+005	1.00000E+005	1.00000E+005	1.00000E+005	1.00000E+005	
1.44957E-001	1.00000E+005	1.00000E+005	1.00000E+005	1.00000E+005	1.00000E+005	
2.27994E-001	1.00000E+005	1.00000E+005	1.00000E+005	1.00000E+005	6.81963E+004	
3.92520E-001	1.00000E+005	1.00000E+005	1.00000E+005	1.00000E+005	9.15621E+004	
4.52378E-001	1.00000E+005	1.00000E+005	1.00000E+005	1.00000E+005	9.20289E+004	
6.06329E-001	1.00000E+005	1.00000E+005	1.00000E+005	1.00000E+005	1.19720E+005	
7.82596E-001	1.00000E+005	1.00000E+005	1.00000E+005	1.00000E+005	1.19920E+005	
9.46303E-001	1.00000E+005	1.00000E+005	1.00000E+005	1.00000E+005	1.23984E+005	
1.09319E+000	1.00000E+005	1.00000E+005	1.00000E+005	1.00000E+005	1.31383E+005	
1.16482E+000	1.00000E+005	1.00000E+005	1.00000E+005	1.00000E+005	1.31675E+005	
1.60747E+000	1.00000E+005	1.00000E+005	1.00000E+005	1.00000E+005	1.34665E+005	
2.09162E+000	1.00000E+005	1.00000E+005	1.00000E+005	1.00000E+005	1.39035E+005	
2.55554E+000	1.00000E+005	1.00000E+005	1.00000E+005	1.00000E+005	1.40612E+005	
2.87667E+000	1.00000E+005	1.00000E+005	1.00000E+005	1.00000E+005	1.41690E+005	
3.53678E+000	1.00000E+005	1.00000E+005	1.00000E+005	1.00000E+005	1.44267E+005	
3.83395E+000	1.00000E+005	1.00000E+005	1.00000E+005	1.00000E+005	1.44895E+005	
4.42162E+000	1.00000E+005	1.00000E+005	1.00000E+005	1.00000E+005	1.46319E+005	
4.77890E+000	1.00000E+005	1.00000E+005	1.00000E+005	1.00000E+005	1.47014E+005	
5.17079E+000	1.00000E+005	1.00000E+005	1.00000E+005	1.00000E+005	1.48590E+005	
5.77775E+000	1.00000E+005	1.00000E+005	1.00000E+005	1.00000E+005	1.48929E+005	
6.24333E+000	1.00000E+005	1.00000E+005	1.00000E+005	1.00000E+005	1.50675E+005	
6.92957E+000	1.00000E+005	1.00000E+005	1.00000E+005	1.00000E+005	1.51313E+005	
7.25538E+000	1.00000E+005	1.00000E+005	1.00000E+005	1.00000E+005	1.51430E+005	
7.67757E+000	1.00000E+005	1.00000E+005	1.00000E+005	1.00000E+005	1.52484E+005	
8.10581E+000	1.00000E+005	1.00000E+005	1.00000E+005	1.00000E+005	1.52727E+005	
8.79328E+000	1.00000E+005	1.00000E+005	1.00000E+005	1.00000E+005	1.52812E+005	
9.09388E+000	1.00000E+005	1.00000E+005	1.00000E+005	1.00000E+005	1.54011E+005	
9.39974E+000	1.00000E+005	1.00000E+005	1.00000E+005	1.00000E+005	1.54136E+005	
1.01857E+001	1.00000E+005	1.00000E+005	1.00000E+005	1.00000E+005	1.54172E+005	
1.05370E+001	1.00000E+005	1.00000E+005	1.00000E+005	1.00000E+005	1.54333E+005	
1.10345E+001	1.00000E+005	1.00000E+005	1.00000E+005	1.00000E+005	1.55254E+005	
1.17120E+001	1.00000E+005	1.00000E+005	1.00000E+005	1.00000E+005	1.56078E+005	
1.23931E+001	1.00000E+005	1.00000E+005	1.00000E+005	1.00000E+005	1.56704E+005	
1.28438E+001	1.00000E+005	1.00000E+005	1.00000E+005	1.00000E+005	1.56812E+005	
1.32742E+001	1.00000E+005	1.00000E+005	1.00000E+005	1.00000E+005	1.56879E+005	
1.43347E+001	1.00000E+005	1.00000E+005	1.00000E+005	1.00000E+005	1.57766E+005	
1.49511E+001	1.00000E+005	1.00000E+005	1.00000E+005	1.00000E+005	1.58352E+005	
1.56986E+001	1.00000E+005	1.00000E+005	1.00000E+005	1.00000E+005	1.58682E+005	
1.67310E+001	1.00000E+005	1.00000E+005	1.00000E+005	1.00000E+005	1.58836E+005	
1.74220E+001	1.00000E+005	1.00000E+005	1.00000E+005	1.00000E+005	1.59384E+005	
1.84083E+001	1.00000E+005	1.00000E+005	1.00000E+005	1.00000E+005	1.59603E+005	
1.95101E+001	1.00000E+005	1.00000E+005	1.00000E+005	1.00000E+005	1.59821E+005	
2.03395E+001	1.00000E+005	1.00000E+005	1.00000E+005	1.00000E+005	1.60134E+005	
2.11090E+001	1.00000E+005	1.00000E+005	1.00000E+005	1.00000E+005	1.60925E+005	
2.28370E+001	1.00000E+005	1.00000E+005	1.00000E+005	1.00000E+005	1.61321E+005	
2.36625E+001	1.00000E+005	1.00000E+005	1.00000E+005	1.00000E+005	1.61573E+005	
2.48841E+001	1.00000E+005	1.00000E+005	1.00000E+005	1.00000E+005	1.61611E+005	
2.54683E+001	1.00000E+005	1.00000E+005	1.00000E+005	1.00000E+005	1.61769E+005	
2.61595E+001	1.00000E+005	1.00000E+005	1.00000E+005	1.00000E+005	1.61945E+005	
2.69265E+001	1.00000E+005	1.00000E+005	1.00000E+005	1.00000E+005	1.62180E+005	
2.75797E+001	1.00000E+005	1.00000E+005	1.00000E+005	1.00000E+005	1.62394E+005	
2.82191E+001	1.00000E+005	1.00000E+005	1.00000E+005	1.00000E+005	1.62430E+005	
2.90185E+001	1.00000E+005	1.00000E+005	1.00000E+005	1.00000E+005	1.62682E+005	
2.96116E+001	1.00000E+005	1.00000E+005	1.00000E+005	1.00000E+005	1.62891E+005	
3.08686E+001	1.00000E+005	1.00000E+005	1.00000E+005	1.00000E+005	1.63250E+005	
3.15122E+001	1.00000E+005	1.00000E+005	1.00000E+005	1.00000E+005	1.63351E+005	
3.23764E+001	1.00000E+005	1.00000E+005	1.00000E+005	1.00000E+005	1.63552E+005	
3.34389E+001	1.00000E+005	1.00000E+005	1.00000E+005	1.00000E+005	1.63815E+005	
3.40273E+001	1.00000E+005	1.00000E+005	1.00000E+005	1.00000E+005	1.63990E+005	
3.50307E+001	1.00000E+005	1.00000E+005	1.00000E+005	1.00000E+005	1.64103E+005	
3.56321E+001	1.00000E+005	1.00000E+005	1.00000E+005	1.00000E+005	1.64169E+005	
3.64648E+001	1.00000E+005	1.00000E+005	1.00000E+005	1.00000E+005	1.64257E+005	
3.76042E+001	1.00000E+005	1.00000E+005	1.00000E+005	1.00000E+005	1.64455E+005	
3.89917E+001	1.00000E+005	1.00000E+005	1.00000E+005	1.00000E+005	1.64522E+005	
4.00157E+001	1.00000E+005	1.00000E+005	1.00000E+005	1.00000E+005	1.65004E+005	
4.10222E+001	1.00000E+005	1.00000E+005	1.00000E+005	1.00000E+005	1.65144E+005	
4.30538E+001	1.00000E+005	1.00000E+005	1.00000E+005	1.00000E+005	1.65203E+005	
4.40915E+001	1.00000E+005	1.00000E+005	1.00000E+005	1.00000E+005	1.65278E+005	
4.48047E+001	1.00000E+005	1.00000E+005	1.00000E+005	1.00000E+005	1.65511E+005	
4.57711E+001	1.00000E+005	1.00000E+005	1.00000E+005	1.00000E+005	1.65654E+005	
4.67972E+001	1.00000E+005	1.00000E+005	1.00000E+005	1.00000E+005	1.65717E+005	
4.78984E+001	1.00000E+005	1.00000E+005	1.00000E+005	1.00000E+005	1.65751E+005	
4.88121E+001	1.00000E+005	1.00000E+005	1.00000E+005	1.00000E+005	1.65870E+005	
4.96223E+001	1.00000E+005	1.00000E+005	1.00000E+005	1.00000E+005	1.65954E+005	
5.06401E+001	1.00000E+005	1.00000E+005	1.00000E+005	1.00000E+005	1.66144E+005	
5.18307E+001	1.00000E+005	1.00000E+005	1.00000E+005	1.00000E+005	1.66268E+005	
5.26949E+001	1.00000E+005	1.00000E+005	1.00000E+005	1.00000E+005	1.66476E+005	
5.36376E+001	1.00000E+005	1.00000E+005	1.00000E+005	1.00000E+005	1.66534E+005	
5.42788E+001	1.00000E+005	1.00000E+005	1.00000E+005	1.00000E+005	1.66685E+005	
5.58326E+001	1.00000E+005	1.00000E+005	1.00000E+005	1.00000E+005	1.66732E+005	
5.65512E+001	1.00000E+005	1.00000E+005	1.00000E+005	1.00000E+005	1.66869E+005	
5.75281E+001	1.00000E+005	1.00000E+005	1.00000E+005	1.00000E+005	1.67118E+005	
5.93986E+001	1.00000E+005	1.00000E+005	1.00000E+005	1.00000E+005	1.67369E+005	
6.04933E+001	1.00000E+005	1.00000E+005	1.00000E+005	1.00000E+005	1.67396E+005	
6.14668E+001	1.00000E+005	1.00000E+005	1.00000E+005	1.00000E+005	1.67842E+005	
6.28960E+001	1.00000E+005	1.00000E+005	1.00000E+005	1.00000E+005	1.68008E+005	
6.43239E+001	1.00000E+005	1.00000E+005	1.00000E+005	1.00000E+005	1.68080E+005	
6.53888E+001	1.00000E+005	1.00000E+005	1.00000E+005	1.00000E+005	1.68345E+005	
6.67916E+001	1.00000E+005	1.00000E+005	1.00000E+005	1.00000E+005	1.68436E+005	
6.79071E+001	1.00000E+005	1.00000E+005	1.00000E+005	1.00000E+005	1.68661E+005	
6.90717E+001	1.00000E+005	1.00000E+005	1.00000E+005	1.00000E+005	1.69089E+005	
7.02551E+001	1.00000E+005	1.00000E+005	1.00000E+005	1.00000E+005	1.69231E+005	
7.12341E+001	1.00000E+005	1.00000E+005	1.00000E+005	1.00000E+005	1.69355E+005	
7.17105E+001	1.00000E+005	1.00000E+005	1.00000E+005	1.00000E+005	1.69387E+005	
7.26538E+001	1.00000E+005	1.00000E+005	1.00000E+005	1.00000E+005	1.69582E+005	
7.43488E+001	1.00000E+005	1.00000E+005	1.00000E+005	1.00000E+005	1.69642E+005	
7.54424E+001	1.00000E+005	1.00000E+005	1.00000E+005	1.00000E+005	1.69910E+005	
7.70932E+001	1.00000E+005	1.00000E+005	1.00000E+005	1.00000E+005	1.70313E+005	
7.80885E+001	1.00000E+005	1.00000E+005	1.00000E+005	1.00000E+005	1.70325E+005	
7.88500E+001	1.00000E+005	1.00000E+005	1.00000E+005	1.00000E+005	1.70459E+005	
8.00649E+001	1.00000E+005	1.00000E+005	1.00000E+005	1.00000E+005	1.70691E+005	
8.15421E+001	1.00000E+005	1.00000E+005	1.00000E+005	1.00000E+005	1.70795E+005	
8.22872E+001	1.00000E+005	1.00000E+005	1.00000E+005	1.00000E+005	1.71273E+005	
8.38074E+001	1.00000E+005	1.00000E+005	1.00000E+005	1.00000E+005	1.71404E+005	
8.48824E+001	1.00000E+005	1.00000E+005	1.00000E+005	1.00000E+005	1.71434E+005	
8.59145E+001	1.00000E+005	1.00000E+005	1.00000E+005	1.00000E+005	1.71519E+005	
8.67963E+001	1.00000E+005	1.00000E+005	1.00000E+005	1.00000E+005	1.71773E+005	
8.72445E+001	1.00000E+005	1.00000E+005	1.00000E+005	1.00000E+005	1.71797E+005	
8.82216E+001	1.00000E+005	1.00000E+005	1.00000E+005	1.00000E+005	1.71875E+005	
8.90951E+001	1.00000E+005	1.00000E+005	1.00000E+005	1.00000E+005	1.72097E+005	
8.99647E+001	1.00000E+005	1.00000E+005	1.00000E+005	1.00000E+005	1.72337E+005	
9.06772E+001	1.00000E+005	1.00000E+005	1.00000E+005	1.00000E+005	1.72356E+005	
9.24959E+001	1.00000E+005	1.00000E+005	1.00000E+005	1.00000E+005	1.72541E+005	
9.30739E+001	1.00000E+005	1.00000E+005	1.00000E+005	1.00000E+005	1.72611E+005	
9.44893E+001	1.00000E+005	1.00000E+005	1.00000E+005	1.00000E+005	1.72841E+005	
9.60649E+001	1.00000E+005	1.00000E+005	1.00000E+005	1.00000E+005	1.73309E+005	
9.67841E+001	1.00000E+005	1.00000E+005	1.00000E+005	1.00000E+005	1.73353E+005	
9.78139E+001	1.00000E+005	1.00000E+005	1.00000E+005	1.00000E+005	1.73467E+005	
9.90005E+001	1.00000E+005	1.00000E+005	1.00000E+005	1.00000E+005	1.73554E+005	
9.98714E+001	1.00000E+005	1.00000E+005	1.00000E+005	1.00000E+005	1.73791E+005	
1.01120E+002	1.00000E+005	1.00000E+005	1.00187E+005	1.00000E+005	1.73862E+005	
1.01531E+002	1.00000E+005	1.00000E+005	1.00185E+005	1.00000E+005	1.73876E+005	
1.02303E+002	1.00000E+005	1.00000E+005	1.00194E+005	1.00000E+005	1.73910E+005	
1.02996E+002	1.00000E+005	1.00000E+005	1.00218E+005	1.00000E+005	1.75084E+005	
1.03697E+002	1.00000E+005	1.00000E+005	1.00247E+005	1.00000E+005	1.75125E+005	
1.05000E+002	1.00000E+005	1.00000E+005	1.00228E+005	1.00000E+005	1.75499E+005	
1.05822E+002	1.00000E+005	1.00000E+005	1.00147E+005	1.00000E+005	1.75567E+005	
1.07458E+002	1.00000E+005	1.00000E+005	1.00143E+005	1.00000E+005	1.75675E+005	
1.08356E+002	1.00000E+005	1.00000E+005	1.01423E+005	1.00000E+005	1.75758E+005	
1.09941E+002	1.00000E+005	1.00000E+005	1.01529E+005	1.00000E+005	1.75848E+005	
1.10676E+002	1.00000E+005	1.00000E+005	1.01634E+005	1.00000E+005	1.75870E+005	
1.11420E+002	1.00000E+005	1.00000E+005	1.01702E+005	1.00000E+005	1.75941E+005	
1.12371E+002	1.00000E+005	1.00000E+005	1.01967E+005	1.00000E+005	1.76036E+005	
1.13431E+002	1.00000E+005	1.00000E+005	1.02081E+005	1.00000E+005	1.76112E+005	
1.14367E+002	1.00000E+005	1.00000E+005	1.02487E+005	1.00000E+005	1.76135E+005	
1.15040E+002	1.00000E+005	1.00000E+005	1.02637E+005	1.00000E+005	1.76156E+005	
1.15557E+002	1.00000E+005	1.00000E+005	1.02727E+005	1.00000E+005	1.76203E+005	
1.16334E+002	1.00000E+005	1.00000E+005	1.02841E+005	1.00000E+005	1.76217E+005	
1.17340E+002	1.00000E+005	1.00000E+005	1.03256E+005	1.00000E+005	1.76467E+005	
1.18124E+002	1.00000E+005	1.00000E+005	1.03456E+005	1.00000E+005	1.76622E+005	
1.19413E+002	1.00000E+005	1.00000E+005	1.03800E+005	1.00000E+005	1.76681E+005	
1.20338E+002	1.00000E+005	1.00000E+005	1.04068E+005	1.00000E+005	1.76743E+005	
1.21820E+002	1.00000E+005	1.00421E+005	1.04382E+005	1.00000E+005	1.76778E+005	
1.22266E+002	1.00000E+005	1.00425E+005	1.04422E+005	1.00000E+005	1.76777E+005	
1.23448E+002	1.00000E+005	1.00486E+005	1.04598E+005	1.00000E+005	1.76855E+005	
1.24072E+002	1.00000E+005	1.00593E+005	1.04766E+005	1.00000E+005	1.76910E+005	
1.24509E+002	1.00000E+005	1.00626E+005	1.04933E+005	1.00000E+005	1.76929E+005	
1.25478E+002	1.00000E+005	1.00664E+005	1.05110E+005	1.00000E+005	1.77011E+005	
1.26336E+002	1.00000E+005	1.01195E+005	1.05279E+005	1.00000E+005	1.77041E+005	
1.27247E+002	1.00000E+005	1.01473E+005	1.05720E+005	1.00000E+005	1.77205E+005	
1.28103E+002	1.00000E+005	1.01579E+005	1.06000E+005	1.00000E+005	1.77240E+005	
1.29179E+002	1.00000E+005	1.02101E+005	1.06233E+005	1.00000E+005	1.77292E+005	
1.30083E+002	1.00000E+005	1.02145E+005	1.06337E+005	1.00000E+005	1.77344E+005	
1.31730E+002	1.00000E+005	1.02262E+005	1.06560E+005	1.00000E+005	1.77378E+005	
1.32085E+002	1.00000E+005	1.02315E+005	1.06672E+005	1.00000E+005	1.77385E+005	
1.32865E+002	1.00000E+005	1.02852E+005	1.06833E+005	1.00000E+005	1.77445E+005	
1.34196E+002	1.00000E+005	1.02900E+005	1.06914E+005	1.00000E+005	1.77446E+005	
1.34708E+002	1.00000E+005	1.03520E+005	1.07206E+005	1.00000E+005	1.77574E+005	
1.35339E+002	1.00000E+005	1.03619E+005	1.07390E+005	1.00000E+005	1.77593E+005	
1.36071E+002	1.00000E+005	1.03678E+005	1.07482E+005	1.00000E+005	1.77622E+005	
1.36918E+002	1.00000E+005	1.03791E+005	1.07630E+005	1.00000E+005	1.77677E+005	
1.37770E+002	1.00000E+005	1.04082E+005	1.07923E+005	1.00000E+005	1.77723E+005	
1.38295E+002	1.00000E+005	1.04125E+005	1.08014E+005	1.00000E+005	1.77739E+005	
1.39104E+002	1.00000E+005	1.04187E+005	1.08239E+005	1.00000E+005	1.77797E+005	
1.39802E+002	1.00000E+005	1.04351E+005	1.08457E+005	1.00000E+005	1.77908E+005	
1.40407E+002	1.00000E+005	1.04971E+005	1.08702E+005	1.00000E+005	1.77983E+005	
1.40649E+002	1.00000E+005	1.05028E+005	1.08790E+005	1.00000E+005	1.77985E+005	
1.41447E+002	1.00000E+005	1.05230E+005	1.08889E+005	1.00000E+005	1.78004E+005	
1.42237E+002	1.00000E+005	1.05290E+005	1.08982E+005	1.00000E+005	1.78012E+005	
1.42698E+002	1.00000E+005	1.05325E+005	1.09039E+005	1.00000E+005	1.78013E+005	
1.42978E+002	1.00000E+005	1.05438E+005	1.09144E+005	1.00000E+005	1.78029E+005	
1.44240E+002	1.00000E+005	1.05795E+005	1.09573E+005	1.00000E+005	1.78236E+005	
1.44688E+002	1.00000E+005	1.05818E+005	1.09619E+005	1.00000E+005	1.78233E+005	
1.44968E+002	1.00000E+005	1.05986E+005	1.09709E+005	1.00000E+005	1.78252E+005	
1.46507E+002	1.00000E+005	1.06075E+005	1.09799E+005	1.00000E+005	1.78280E+005	
1.47159E+002	1.00000E+005	1.06379E+005	1.09982E+005	1.00000E+005	1.78333E+005	
1.48275E+002	1.00000E+005	1.06658E+005	1.10254E+005	1.00000E+005	1.78432E+005	
1.49007E+002	1.00000E+005	1.06712E+005	1.10278E+005	1.00000E+005	1.78426E+005	
1.49670E+002	1.00000E+005	1.06811E+005	1.10379E+005	1.00000E+005	1.78447E+005	
1.50230E+002	1.00000E+005	1.07076E+005	1.10552E+005	1.00000E+005	1.78498E+005	
1.50982E+002	1.00000E+005	1.07258E+005	1.10750E+005	1.00000E+005	1.78527E+005	
1.51359E+002	1.00000E+005	1.07314E+005	1.10863E+005	1.00000E+005	1.78538E+005	
1.51864E+002	1.00000E+005	1.07449E+005	1.10954E+005	1.00000E+005	1.78555E+005	
1.52781E+002	1.00000E+005	1.07661E+005	1.11040E+005	1.00000E+005	1.78569E+005	
1.53382E+002	1.00000E+005	1.07786E+005	1.11237E+005	1.00000E+005	1.78617E+005	
1.53635E+002	1.00000E+005	1.07806E+005	1.11252E+005	1.00000E+005	1.78613E+005	
1.54406E+002	1.00000E+005	1.07957E+005	1.11522E+005	1.00000E+005	1.78661E+005	
1.54892E+002	1.00000E+005	1.08020E+005	1.11571E+005	1.00000E+005	1.78664E+005	
1.55320E+002	1.00000E+005	1.08079E+005	1.11634E+005	1.00000E+005	1.78672E+005	
1.55887E+002	1.00000E+005	1.08199E+005	1.11737E+005	1.00000E+005	1.78724E+005	
1.56382E+002	1.00000E+005	1.08204E+005	1.11731E+005	1.00000E+005	1.78724E+005	
1.57028E+002	1.00000E+005	1.08328E+005	1.11831E+005	1.00000E+005	1.78735E+005	
1.57381E+002	1.00000E+005	1.08363E+005	1.11859E+005	1.00000E+005	1.78734E+005	
1.58159E+002	1.00000E+005	1.08511E+005	1.11989E+005	1.00000E+005	1.78778E+005	
1.58919E+002	1.00000E+005	1.08773E+005	1.12237E+005	1.00000E+005	1.78880E+005	
1.59278E+002	1.00000E+005	1.08853E+005	1.12310E+005	1.00000E+005	1.78883E+005	
1.60072E+002	1.00000E+005	1.08888E+005	1.12342E+005	1.00000E+005	1.78883E+005	
1.60882E+002	1.00000E+005	1.09014E+005	1.12444E+005	1.00000E+005	1.78904E+005	
1.61719E+002	1.00000E+005	1.09654E+005	1.12864E+005	1.00000E+005	1.79027E+005	
1.62291E+002	1.00000E+005	1.09843E+005	1.13043E+005	1.00000E+005	1.79067E+005	
1.62920E+002	1.00000E+005	1.09955E+005	1.13112E+005	1.00000E+005	1.79077E+005	
1.63989E+002	1.00000E+005	1.10002E+005	1.13155E+005	1.00000E+005	1.79075E+005	
1.64734E+002	1.00000E+005	1.10089E+005	1.13309E+005	1.00000E+005	1.79103E+005	
1.65453E+002	1.00000E+005	1.10330E+005	1.13453E+005	1.00000E+005	1.79142E+005	
1.66001E+002	1.00000E+005	1.10498E+005	1.13631E+005	1.00000E+005	1.79200E+005	
1.67164E+002	1.00000E+005	1.10554E+005	1.13719E+005	1.00000E+005	1.79208E+005	
1.68162E+002	1.00000E+005	1.10937E+005	1.14054E+005	1.00000E+005	1.79303E+005	
1.69318E+002	1.00000E+005	1.11001E+005	1.14165E+005	1.00000E+005	1.79314E+005	
1.70158E+002	1.00000E+005	1.11017E+005	1.14172E+005	1.00000E+005	1.79318E+005	
1.70685E+002	1.00000E+005	1.11171E+005	1.14292E+005	1.00000E+005	1.79337E+005	
1.72476E+002	1.00000E+005	1.11520E+005	1.14609E+005	1.00000E+005	1.79422E+005	
1.73250E+002	1.00000E+005	1.11555E+005	1.14658E+005	1.00000E+005	1.79420E+005	
1.74396E+002	1.00000E+005	1.11657E+005	1.14802E+005	1.00000E+005	1.79459E+005	
1.75439E+002	1.00000E+005	1.11710E+005	1.14853E+005	1.00000E+005	1.79466E+005	
1.76728E+002	1.00000E+005	1.11842E+005	1.14991E+005	1.00000E+005	1.79500E+005	
1.77554E+002	1.00000E+005	1.12218E+005	1.15317E+005	1.00000E+005	1.79603E+005	
1.78564E+002	1.00000E+005	1.12340E+005	1.15430E+005	1.00000E+005	1.79613E+005	
1.79238E+002	1.00000E+005	1.12380E+005	1.15454E+005	1.00000E+005	1.79617E+005	
1.80701E+002	1.00000E+005	1.13019E+005	1.15868E+005	1.00000E+005	1.79756E+005	
1.81340E+002	1.00000E+005	1.13021E+005	1.15870E+005	1.00000E+005	1.79755E+005	
1.82332E+002	1.00000E+005	1.13191E+005	1.16060E+005	1.00000E+005	1.79789E+005	
1.82868E+002	1.00000E+005	1.13345E+005	1.16158E+005	1.00000E+005	1.79809E+005	
1.83570E+002	1.00000E+005	1.13339E+005	1.16147E+005	1.00000E+005	1.79809E+005	
1.84040E+002	1.00000E+005	1.13449E+005	1.16290E+005	1.00000E+005	1.79827E+005	
1.84352E+002	1.00000E+005	1.13455E+005	1.16302E+005	1.00000E+005	1.79832E+005	
1.84942E+002	1.00000E+005	1.13527E+005	1.16366E+005	1.00000E+005	1.79840E+005	
1.86147E+002	1.00000E+005	1.13707E+005	1.16554E+005	1.00000E+005	1.79883E+005	
1.87125E+002	1.00000E+005	1.13818E+005	1.16640E+005	1.00000E+005	1.79919E+005	
1.87924E+002	1.00000E+005	1.13856E+005	1.16700E+005	1.00000E+005	1.79927E+005	
1.88799E+002	1.00000E+005	1.13880E+005	1.16727E+005	1.00000E+005	1.79934E+005	
1.89234E+002	1.00000E+005	1.14093E+005	1.16874E+005	1.00000E+005	1.79971E+005	
1.89976E+002	1.00000E+005	1.14270E+005	1.17012E+005	1.00000E+005	1.80002E+005	
1.90797E+002	1.00000E+005	1.14398E+005	1.17151E+005	1.00000E+005	1.80040E+005	
1.91968E+002	1.00000E+005	1.14430E+005	1.17163E+005	1.00000E+005	1.80041E+005	
1.93049E+002	1.00000E+005	1.14479E+005	1.17203E+005	1.00000E+005	1.80046E+005	
1.94181E+002	1.00000E+005	1.14701E+005	1.17428E+005	1.00000E+005	1.80110E+005	
1.95196E+002	1.00000E+005	1.14727E+005	1.17441E+005	1.00000E+005	1.80108E+005	
1.96161E+002	1.00000E+005	1.14993E+005	1.17639E+005	1.00000E+005	1.80155E+005	
1.96591E+002	1.00000E+005	1.14996E+005	1.17637E+005	1.00000E+005	1.80153E+005	
1.97020E+002	1.00000E+005	1.15029E+005	1.17667E+005	1.00000E+005	1.80154E+005	
1.98617E+002	1.00000E+005	1.15025E+005	1.17670E+005	1.00000E+005	1.80156E+005	
1.99755E+002	1.00000E+005	1.15336E+005	1.17953E+005	1.00000E+005	1.80234E+005	
2.00532E+002	1.00000E+005	1.15354E+005	1.17975E+005	1.00000E+005	1.80232E+005	
2.01363E+002	1.00000E+005	1.15654E+005	1.18210E+005	1.00000E+005	1.80306E+005	
2.02709E+002	1.00000E+005	1.15770E+005	1.18292E+005	1.00000E+005	1.80321E+005	
2.03778E+002	1.00000E+005	1.15816E+005	1.18332E+005	1.00000E+005	1.80328E+005	
2.04686E+002	1.00000E+005	1.15959E+005	1.18522E+005	1.00000E+005	1.80374E+005	
2.06081E+002	1.00000E+005	1.15971E+005	1.18528E+005	1.00000E+005	1.80375E+005	
2.06987E+002	1.00000E+005	1.16148E+005	1.18711E+005	1.00000E+005	1.80411E+005	
2.08121E+002	1.00000E+005	1.16397E+005	1.18889E+005	1.00000E+005	1.80454E+005	
2.08989E+002	1.00000E+005	1.16396E+005	1.18886E+005	1.00000E+005	1.80456E+005	
2.10099E+002	1.00000E+005	1.16514E+005	1.18974E+005	1.00000E+005	1.80470E+005	
2.10650E+002	1.00000E+005	1.16573E+005	1.19031E+005	1.00000E+005	1.80480E+005	
2.11259E+002	1.00000E+005	1.16566E+005	1.19026E+005	1.00000E+005	1.80484E+005	
2.12549E+002	1.00000E+005	1.16641E+005	1.19121E+005	1.00000E+005	1.80499E+005	
2.13976E+002	1.00000E+005	1.16891E+005	1.19310E+005	1.00000E+005	1.80549E+005	
2.15295E+002	1.00000E+005	1.17086E+005	1.19506E+005	1.00000E+005	1.80595E+005	
2.17060E+002	1.00559E+005	1.17532E+005	1.19920E+005	1.00559E+005	1.80695E+005	
2.18193E+002	1.00921E+005	1.18061E+005	1.20400E+005	1.00921E+005	1.80807E+005	
2.18826E+002	1.01136E+005	1.18262E+005	1.20586E+005	1.01136E+005	1.80845E+005	
2.19897E+002	1.01499E+005	1.18596E+005	1.20889E+005	1.01499E+005	1.80917E+005	
2.20537E+002	1.01708E+005	1.18802E+005	1.21075E+005	1.01708E+005	1.80954E+005	
2.22530E+002	1.02334E+005	1.19598E+005	1.21731E+005	1.02334E+005	1.81123E+005	
2.23587E+002	1.02679E+005	1.19908E+005	1.22008E+005	1.02679E+005	1.81187E+005	
2.24838E+002	1.03080E+005	1.20244E+005	1.22323E+005	1.03080E+005	1.81256E+005	
2.25892E+002	1.03421E+005	1.20537E+005	1.22594E+005	1.03421E+005	1.81317E+005	
2.27428E+002	1.03930E+005	1.20981E+005	1.22993E+005	1.03930E+005	1.81405E+005	
2.29492E+002	1.04607E+005	1.21655E+005	1.23593E+005	1.04607E+005	1.81546E+005	
2.31754E+002	1.05625E+005	1.22803E+005	1.24586E+005	1.05625E+005	1.81792E+005	
2.32850E+002	1.05949E+005	1.23246E+005	1.24962E+005	1.05949E+005	1.81884E+005	
2.34345E+002	1.06392E+005	1.23598E+005	1.25290E+005	1.06392E+005	1.81956E+005	
2.35878E+002	1.06860E+005	1.23976E+005	1.25637E+005	1.06860E+005	1.82033E+005	
2.37284E+002	1.07273E+005	1.24399E+005	1.25999E+005	1.07273E+005	1.82121E+005	
2.38462E+002	1.07629E+005	1.24701E+005	1.26275E+005	1.07629E+005	1.82181E+005	
2.40004E+002	1.08106E+005	1.25086E+005	1.26621E+005	1.08106E+005	1.82261E+005	
2.41689E+002	1.08613E+005	1.25479E+005	1.26966E+005	1.08613E+005	1.82336E+005	
2.42398E+002	1.08820E+005	1.25686E+005	1.27167E+005	1.08820E+005	1.82379E+005	
2.45259E+002	1.09633E+005	1.26470E+005	1.27850E+005	1.09633E+005	1.82540E+005	
2.47479E+002	1.10223E+005	1.27243E+005	1.28509E+005	1.10223E+005	1.82703E+005	
2.49074E+002	1.10651E+005	1.27638E+005	1.28861E+005	1.10651E+005	1.82781E+005	
2.52011E+002	1.11419E+005	1.28377E+005	1.29492E+005	1.11419E+005	1.82937E+005	
2.53565E+002	1.11822E+005	1.28728E+005	1.29824E+005	1.11822E+005	1.83008E+005	
2.54739E+002	1.12133E+005	1.29002E+005	1.30069E+005	1.12133E+005	1.83063E+005	
2.55840E+002	1.12422E+005	1.29275E+005	1.30313E+005	1.12422E+005	1.83118E+005	
2.58781E+002	1.13160E+005	1.29981E+005	1.30915E+005	1.13160E+005	1.83261E+005	
2.60491E+002	1.13599E+005	1.30329E+005	1.31227E+005	1.13599E+005	1.83331E+005	
2.62465E+002	1.14125E+005	1.30707E+005	1.31570E+005	1.14125E+005	1.83410E+005	
2.65039E+002	1.14819E+005	1.31254E+005	1.32055E+005	1.14819E+005	1.83519E+005	
2.66371E+002	1.15167E+005	1.31511E+005	1.32291E+005	1.15167E+005	1.83572E+005	
2.67295E+002	1.15401E+005	1.31698E+005	1.32459E+005	1.15401E+005	1.83607E+005	
2.68906E+002	1.15805E+005	1.32156E+005	1.32838E+005	1.15805E+005	1.83702E+005	
2.70644E+002	1.16202E+005	1.32433E+005	1.33094E+005	1.16202E+005	1.83759E+005	
2.74512E+002	1.17081E+005	1.33208E+005	1.33773E+005	1.17081E+005	1.83920E+005	
2.77307E+002	1.17706E+005	1.33699E+005	1.34194E+005	1.17706E+005	1.84018E+005	
2.79643E+002	1.18218E+005	1.34132E+005	1.34568E+005	1.18218E+005	1.84104E+005	
2.80721E+002	1.18453E+005	1.34308E+005	1.34731E+005	1.18453E+005	1.84133E+005	
2.83867E+002	1.19143E+005	1.34801E+005	1.35177E+005	1.19143E+005	1.84242E+005	
2.86314E+002	1.19691E+005	1.35373E+005	1.35657E+005	1.19691E+005	1.84356E+005	
2.87589E+002	1.19965E+005	1.35566E+005	1.35835E+005	1.19965E+005	1.84390E+005	
2.89691E+002	1.20409E+005	1.35871E+005	1.36114E+005	1.20409E+005	1.84458E+005	
2.93508E+002	1.21182E+005	1.36465E+005	1.36637E+005	1.21182E+005	1.84578E+005	
2.95680E+002	1.22182E+005	1.36773E+005	1.36921E+005	1.21625E+005	1.84642E+005	
3.01386E+002	1.23319E+005	1.37614E+005	1.37670E+005	1.22764E+005	1.84816E+005	
3.03925E+002	1.23971E+005	1.38183E+005	1.38149E+005	1.23299E+005	1.84929E+005	
3.05091E+002	1.24223E+005	1.38349E+005	1.38301E+005	1.23517E+005	1.84957E+005	
3.08713E+002	1.24954E+005	1.38792E+005	1.38706E+005	1.24192E+005	1.85057E+005	
3.11504E+002	1.25511E+005	1.39201E+005	1.39065E+005	1.24695E+005	1.85138E+005	
3.16426E+002	1.26659E+005	1.39812E+005	1.39628E+005	1.25627E+005	1.85265E+005	
3.20634E+002	1.27409E+005	1.40443E+005	1.40181E+005	1.26395E+005	1.85394E+005	
3.24103E+002	1.28082E+005	1.40955E+005	1.40620E+005	1.27032E+005	1.85496E+005	
3.28868E+002	1.28888E+005	1.41511E+005	1.41113E+005	1.27825E+005	1.85609E+005	
3.30925E+002	1.29228E+005	1.41713E+005	1.41297E+005	1.28135E+005	1.85645E+005	
3.33360E+002	1.29525E+005	1.41943E+005	1.41507E+005	1.28496E+005	1.85692E+005	
3.42765E+002	1.30912E+005	1.42870E+005	1.42339E+005	1.29845E+005	1.85890E+005	
3.45376E+002	1.31308E+005	1.43109E+005	1.42562E+005	1.30213E+005	1.85937E+005	
3.51148E+002	1.32118E+005	1.43655E+005	1.43050E+005	1.30994E+005	1.86053E+005	
3.57055E+002	1.32889E+005	1.44224E+005	1.43550E+005	1.31765E+005	1.86167E+005	
3.61907E+002	1.33490E+005	1.44617E+005	1.43915E+005	1.32373E+005	1.86250E+005	
3.66914E+002	1.34118E+005	1.45034E+005	1.44289E+005	1.33013E+005	1.86337E+005	
3.71930E+002	1.34757E+005	1.45445E+005	1.44665E+005	1.33676E+005	1.86422E+005	
3.79274E+002	1.35684E+005	1.46077E+005	1.45233E+005	1.34619E+005	1.86551E+005	
3.81775E+002	1.35963E+005	1.46281E+005	1.45420E+005	1.34897E+005	1.86590E+005	
3.91797E+002	1.37050E+005	1.47040E+005	1.46093E+005	1.35988E+005	1.86748E+005	
3.96684E+002	1.37546E+005	1.47353E+005	1.46383E+005	1.36509E+005	1.86809E+005	
4.01543E+002	1.38025E+005	1.47664E+005	1.46670E+005	1.37013E+005	1.86876E+005	
4.13833E+002	1.39170E+005	1.48438E+005	1.47371E+005	1.38263E+005	1.87040E+005	
4.27186E+002	1.40317E+005	1.49193E+005	1.48060E+005	1.39485E+005	1.87196E+005	
4.32176E+002	1.40761E+005	1.49477E+005	1.48322E+005	1.39960E+005	1.87252E+005	
4.39929E+002	1.41432E+005	1.49931E+005	1.48734E+005	1.40681E+005	1.87351E+005	
4.44571E+002	1.41831E+005	1.50234E+005	1.49002E+005	1.41080E+005	1.87410E+005	
4.54427E+002	1.42589E+005	1.50731E+005	1.49453E+005	1.41566E+005	1.87515E+005	
4.60418E+002	1.42998E+005	1.50995E+005	1.49697E+005	1.42022E+005	1.87563E+005	
4.67146E+002	1.43439E+005	1.51300E+005	1.49977E+005	1.42487E+005	1.87629E+005	
4.74865E+002	1.43912E+005	1.51608E+005	1.50258E+005	1.43006E+005	1.87693E+005	
4.83066E+002	1.44384E+005	1.51912E+005	1.50539E+005	1.43512E+005	1.87760E+005	
5.15188E+002	1.46173E+005	1.53096E+005	1.51618E+005	1.45680E+005	1.88007E+005	
5.34648E+002	1.47141E+005	1.53737E+005	1.52203E+005	1.46908E+005	1.88141E+005	
5.58760E+002	1.48196E+005	1.54440E+005	1.52847E+005	1.48101E+005	1.88286E+005	
5.71972E+002	1.48692E+005	1.54761E+005	1.53146E+005	1.48703E+005	1.88354E+005	
5.94916E+002	1.49490E+005	1.55282E+005	1.53624E+005	1.49599E+005	1.88465E+005	
6.15547E+002	1.50150E+005	1.55710E+005	1.54020E+005	1.50351E+005	1.88554E+005	
6.34216E+002	1.50716E+005	1.56077E+005	1.54360E+005	1.50989E+005	1.88629E+005	
6.78280E+002	1.51984E+005	1.56910E+005	1.55123E+005	1.52419E+005	1.88803E+005	
6.97750E+002	1.52461E+005	1.57214E+005	1.55409E+005	1.52966E+005	1.88865E+005	
7.33565E+002	1.53301E+005	1.57771E+005	1.55916E+005	1.53936E+005	1.88984E+005	
7.77859E+002	1.54325E+005	1.58439E+005	1.56530E+005	1.55120E+005	1.89124E+005	
8.18398E+002	1.55050E+005	1.58912E+005	1.56968E+005	1.55937E+005	1.89223E+005	
8.52151E+002	1.55479E+005	1.59187E+005	1.57227E+005	1.56416E+005	1.89277E+005	
8.94347E+002	1.55926E+005	1.59483E+005	1.57496E+005	1.56916E+005	1.89333E+005	
9.84902E+002	1.56824E+005	1.60066E+005	1.58033E+005	1.57919E+005	1.89464E+005	
1.17490E+003	1.58222E+005	1.60975E+005	1.58873E+005	1.59464E+005	1.89654E+005	
1.29375E+003	1.58606E+005	1.61220E+005	1.59107E+005	1.59889E+005	1.89702E+005	
1.79183E+003	1.59578E+005	1.61853E+005	1.59686E+005	1.60956E+005	1.89840E+005	
3.02708E+003	1.60588E+005	1.62506E+005	1.60291E+005	1.62065E+005	1.89977E+005	
3.46314E+003	1.60777E+005	1.62621E+005	1.60397E+005	1.62272E+005	1.89993E+005	
7.12544E+003	1.61516E+005	1.63104E+005	1.60848E+005	1.63077E+005	1.90100E+005	
1.27836E+004	1.62051E+005	1.63466E+005	1.61180E+005	1.63709E+005	1.90173E+005	
1.38002E+004	1.62483E+005	1.63768E+005	1.61458E+005	1.64243E+005	1.90234E+005	
1.65013E+004	1.63461E+005	1.64404E+005	1.62045E+005	1.65317E+005	1.90374E+005	
