# nb_columns : 7
# title="Sensor Pressure History"
# x_var="time (s)"
# y_var="pressure (Pa)"
# column 2 : legend_text="sensor1"
# column 3 : legend_text="sensor2"
# column 4 : legend_text="sensor3"
# column 5 : legend_text="sensor4"
# column 6 : legend_text="sensor5"
# column 7 : legend_text="sensor6"
0.00000E+000	0.00000E+000	0.00000E+000	0.00000E+000	0.00000E+000	0.00000E+000	0.00000E+000	
2.01124E-001	0.00000E+000	0.00000E+000	0.00000E+000	0.00000E+000	0.00000E+000	0.00000E+000	
2.58723E-001	0.00000E+000	0.00000E+000	0.00000E+000	0.00000E+000	0.00000E+000	0.00000E+000	
4.39590E-001	0.00000E+000	0.00000E+000	0.00000E+000	0.00000E+000	0.00000E+000	0.00000E+000	
6.85681E-001	0.00000E+000	0.00000E+000	0.00000E+000	0.00000E+000	0.00000E+000	0.00000E+000	
7.84527E-001	0.00000E+000	0.00000E+000	0.00000E+000	0.00000E+000	0.00000E+000	0.00000E+000	
8.99407E-001	0.00000E+000	0.00000E+000	0.00000E+000	0.00000E+000	0.00000E+000	0.00000E+000	
1.00607E+000	0.00000E+000	0.00000E+000	0.00000E+000	0.00000E+000	0.00000E+000	0.00000E+000	
1.13855E+000	0.00000E+000	0.00000E+000	0.00000E+000	0.00000E+000	0.00000E+000	0.00000E+000	
1.35503E+000	0.00000E+000	0.00000E+000	0.00000E+000	0.00000E+000	0.00000E+000	0.00000E+000	
1.68728E+000	0.00000E+000	0.00000E+000	0.00000E+000	0.00000E+000	0.00000E+000	0.00000E+000	
1.82841E+000	0.00000E+000	0.00000E+000	0.00000E+000	0.00000E+000	0.00000E+000	0.00000E+000	
2.23089E+000	0.00000E+000	0.00000E+000	0.00000E+000	0.00000E+000	0.00000E+000	0.00000E+000	
2.58537E+000	0.00000E+000	0.00000E+000	0.00000E+000	0.00000E+000	0.00000E+000	0.00000E+000	
2.79318E+000	0.00000E+000	0.00000E+000	0.00000E+000	0.00000E+000	0.00000E+000	0.00000E+000	
3.25581E+000	0.00000E+000	0.00000E+000	0.00000E+000	0.00000E+000	0.00000E+000	0.00000E+000	
3.58820E+000	0.00000E+000	0.00000E+000	0.00000E+000	0.00000E+000	0.00000E+000	0.00000E+000	
3.87440E+000	0.00000E+000	0.00000E+000	0.00000E+000	0.00000E+000	0.00000E+000	0.00000E+000	
4.36555E+000	0.00000E+000	0.00000E+000	0.00000E+000	0.00000E+000	0.00000E+000	0.00000E+000	
4.82703E+000	0.00000E+000	0.00000E+000	0.00000E+000	0.00000E+000	0.00000E+000	0.00000E+000	
5.02999E+000	0.00000E+000	0.00000E+000	0.00000E+000	0.00000E+000	0.00000E+000	0.00000E+000	
5.36303E+000	0.00000E+000	0.00000E+000	0.00000E+000	0.00000E+000	0.00000E+000	0.00000E+000	
5.80002E+000	0.00000E+000	0.00000E+000	0.00000E+000	0.00000E+000	0.00000E+000	0.00000E+000	
6.38086E+000	0.00000E+000	0.00000E+000	0.00000E+000	0.00000E+000	0.00000E+000	0.00000E+000	
7.02244E+000	0.00000E+000	0.00000E+000	0.00000E+000	0.00000E+000	0.00000E+000	0.00000E+000	
7.43151E+000	0.00000E+000	0.00000E+000	0.00000E+000	0.00000E+000	0.00000E+000	0.00000E+000	
8.05361E+000	0.00000E+000	0.00000E+000	0.00000E+000	0.00000E+000	0.00000E+000	0.00000E+000	
8.66167E+000	0.00000E+000	0.00000E+000	0.00000E+000	0.00000E+000	0.00000E+000	0.00000E+000	
9.32313E+000	0.00000E+000	0.00000E+000	0.00000E+000	0.00000E+000	0.00000E+000	0.00000E+000	
1.01397E+001	0.00000E+000	0.00000E+000	0.00000E+000	0.00000E+000	0.00000E+000	0.00000E+000	
1.06075E+001	0.00000E+000	0.00000E+000	0.00000E+000	0.00000E+000	0.00000E+000	3.69356E+003	
1.12036E+001	0.00000E+000	0.00000E+000	0.00000E+000	0.00000E+000	0.00000E+000	3.47318E+003	
1.16682E+001	0.00000E+000	0.00000E+000	0.00000E+000	0.00000E+000	0.00000E+000	7.87048E+003	
1.23468E+001	5.26014E+003	0.00000E+000	0.00000E+000	0.00000E+000	0.00000E+000	8.89964E+003	
1.31689E+001	5.59813E+003	0.00000E+000	0.00000E+000	0.00000E+000	0.00000E+000	9.30709E+003	
1.41994E+001	7.45990E+003	0.00000E+000	0.00000E+000	0.00000E+000	0.00000E+000	1.02783E+004	
1.50081E+001	8.60430E+003	0.00000E+000	0.00000E+000	0.00000E+000	0.00000E+000	1.05670E+004	
1.58829E+001	9.26620E+003	0.00000E+000	0.00000E+000	0.00000E+000	0.00000E+000	1.08741E+004	
1.66455E+001	9.91604E+003	0.00000E+000	0.00000E+000	0.00000E+000	0.00000E+000	1.37203E+004	
1.73025E+001	1.07043E+004	0.00000E+000	0.00000E+000	0.00000E+000	0.00000E+000	1.41846E+004	
1.78815E+001	1.15260E+004	0.00000E+000	0.00000E+000	0.00000E+000	0.00000E+000	1.45003E+004	
1.84143E+001	1.16837E+004	0.00000E+000	0.00000E+000	0.00000E+000	0.00000E+000	1.48485E+004	
1.93505E+001	1.21008E+004	0.00000E+000	0.00000E+000	0.00000E+000	0.00000E+000	1.52088E+004	
1.99935E+001	1.31868E+004	0.00000E+000	0.00000E+000	0.00000E+000	0.00000E+000	1.59578E+004	
2.06680E+001	1.32534E+004	0.00000E+000	0.00000E+000	0.00000E+000	0.00000E+000	1.61421E+004	
2.13174E+001	1.35949E+004	0.00000E+000	0.00000E+000	0.00000E+000	0.00000E+000	1.62828E+004	
2.21204E+001	1.41172E+004	0.00000E+000	0.00000E+000	0.00000E+000	0.00000E+000	1.64852E+004	
2.33021E+001	1.48895E+004	0.00000E+000	0.00000E+000	0.00000E+000	0.00000E+000	1.68958E+004	
2.42126E+001	1.63250E+004	0.00000E+000	0.00000E+000	0.00000E+000	0.00000E+000	1.91037E+004	
2.51416E+001	1.64065E+004	0.00000E+000	0.00000E+000	0.00000E+000	0.00000E+000	1.91425E+004	
2.57285E+001	1.65436E+004	0.00000E+000	0.00000E+000	0.00000E+000	0.00000E+000	1.93553E+004	
2.69973E+001	1.71433E+004	0.00000E+000	0.00000E+000	0.00000E+000	0.00000E+000	1.96262E+004	
2.79057E+001	1.77239E+004	0.00000E+000	0.00000E+000	0.00000E+000	0.00000E+000	2.01118E+004	
2.85859E+001	1.77563E+004	0.00000E+000	0.00000E+000	0.00000E+000	0.00000E+000	2.01862E+004	
2.97979E+001	1.80585E+004	0.00000E+000	0.00000E+000	0.00000E+000	0.00000E+000	2.05432E+004	
3.17571E+001	1.89231E+004	0.00000E+000	0.00000E+000	0.00000E+000	0.00000E+000	2.11326E+004	
3.26235E+001	1.95036E+004	0.00000E+000	0.00000E+000	0.00000E+000	0.00000E+000	2.14926E+004	
3.37303E+001	1.99003E+004	0.00000E+000	0.00000E+000	0.00000E+000	0.00000E+000	2.20217E+004	
3.50740E+001	1.99719E+004	0.00000E+000	0.00000E+000	0.00000E+000	0.00000E+000	2.20556E+004	
3.62606E+001	2.04362E+004	0.00000E+000	0.00000E+000	0.00000E+000	0.00000E+000	2.25456E+004	
3.72642E+001	2.08120E+004	0.00000E+000	0.00000E+000	0.00000E+000	0.00000E+000	2.27507E+004	
3.83399E+001	2.11556E+004	0.00000E+000	0.00000E+000	0.00000E+000	0.00000E+000	2.31998E+004	
3.93018E+001	2.15888E+004	0.00000E+000	0.00000E+000	0.00000E+000	0.00000E+000	2.33926E+004	
4.04777E+001	2.15888E+004	0.00000E+000	0.00000E+000	0.00000E+000	0.00000E+000	2.33926E+004	
4.18702E+001	2.19293E+004	0.00000E+000	0.00000E+000	0.00000E+000	0.00000E+000	2.36252E+004	
4.32691E+001	2.22276E+004	0.00000E+000	0.00000E+000	0.00000E+000	0.00000E+000	2.38470E+004	
4.43557E+001	2.29605E+004	8.49353E+002	0.00000E+000	0.00000E+000	0.00000E+000	2.46040E+004	
4.58406E+001	2.30860E+004	8.52889E+002	0.00000E+000	0.00000E+000	0.00000E+000	2.48194E+004	
4.68070E+001	2.33377E+004	6.40718E+002	0.00000E+000	0.00000E+000	0.00000E+000	2.50067E+004	
4.79362E+001	2.35408E+004	7.44513E+002	0.00000E+000	0.00000E+000	0.00000E+000	2.51062E+004	
4.92951E+001	2.38294E+004	7.73704E+002	0.00000E+000	0.00000E+000	0.00000E+000	2.53381E+004	
5.08664E+001	2.38294E+004	7.73704E+002	0.00000E+000	0.00000E+000	0.00000E+000	2.53381E+004	
5.23530E+001	2.38916E+004	8.01999E+002	0.00000E+000	0.00000E+000	0.00000E+000	2.53683E+004	
5.36138E+001	2.40527E+004	7.73435E+002	0.00000E+000	0.00000E+000	0.00000E+000	2.54707E+004	
5.47711E+001	2.44245E+004	2.42278E+003	0.00000E+000	0.00000E+000	0.00000E+000	2.56834E+004	
5.59122E+001	2.46260E+004	2.46024E+003	0.00000E+000	0.00000E+000	0.00000E+000	2.58703E+004	
5.76344E+001	2.50128E+004	2.59077E+003	0.00000E+000	0.00000E+000	0.00000E+000	2.61966E+004	
5.96400E+001	2.52647E+004	2.63244E+003	0.00000E+000	0.00000E+000	0.00000E+000	2.65030E+004	
6.07702E+001	2.54852E+004	3.11705E+003	0.00000E+000	0.00000E+000	0.00000E+000	2.66198E+004	
6.20889E+001	2.56925E+004	4.24673E+003	0.00000E+000	0.00000E+000	0.00000E+000	2.67451E+004	
6.34170E+001	2.57542E+004	4.25705E+003	0.00000E+000	0.00000E+000	0.00000E+000	2.68396E+004	
6.50577E+001	2.57778E+004	4.26707E+003	0.00000E+000	0.00000E+000	0.00000E+000	2.68515E+004	
6.77906E+001	2.58842E+004	4.33735E+003	0.00000E+000	0.00000E+000	0.00000E+000	2.69119E+004	
6.89518E+001	2.62119E+004	5.20744E+003	0.00000E+000	0.00000E+000	0.00000E+000	2.70907E+004	
7.04263E+001	2.63127E+004	5.29825E+003	0.00000E+000	0.00000E+000	0.00000E+000	2.71743E+004	
7.16973E+001	2.63841E+004	5.43259E+003	0.00000E+000	0.00000E+000	0.00000E+000	2.72114E+004	
7.38985E+001	2.64868E+004	5.49172E+003	0.00000E+000	0.00000E+000	0.00000E+000	2.73083E+004	
7.51413E+001	2.67467E+004	5.80006E+003	0.00000E+000	0.00000E+000	0.00000E+000	2.75194E+004	
7.67453E+001	2.71202E+004	6.38100E+003	0.00000E+000	0.00000E+000	0.00000E+000	2.78055E+004	
7.72646E+001	2.71202E+004	6.38100E+003	0.00000E+000	0.00000E+000	0.00000E+000	2.78055E+004	
7.81402E+001	2.74542E+004	7.26777E+003	0.00000E+000	0.00000E+000	0.00000E+000	2.80568E+004	
7.93712E+001	2.77112E+004	7.49501E+003	0.00000E+000	0.00000E+000	0.00000E+000	2.83139E+004	
8.01843E+001	2.77112E+004	7.49501E+003	0.00000E+000	0.00000E+000	0.00000E+000	2.83139E+004	
8.09797E+001	2.77307E+004	7.50673E+003	0.00000E+000	0.00000E+000	0.00000E+000	2.83248E+004	
8.21844E+001	2.78979E+004	7.94582E+003	0.00000E+000	0.00000E+000	0.00000E+000	2.84634E+004	
8.30902E+001	2.81733E+004	8.22747E+003	0.00000E+000	0.00000E+000	0.00000E+000	2.86789E+004	
8.44959E+001	2.84692E+004	8.91183E+003	0.00000E+000	0.00000E+000	0.00000E+000	2.89220E+004	
8.54057E+001	2.89120E+004	9.35448E+003	0.00000E+000	0.00000E+000	0.00000E+000	2.92966E+004	
8.63140E+001	2.90936E+004	9.86048E+003	0.00000E+000	0.00000E+000	0.00000E+000	2.94316E+004	
8.75229E+001	2.90936E+004	9.86048E+003	0.00000E+000	0.00000E+000	0.00000E+000	2.94316E+004	
8.84070E+001	2.92244E+004	1.02247E+004	0.00000E+000	0.00000E+000	0.00000E+000	2.95288E+004	
8.97679E+001	2.94423E+004	1.05610E+004	0.00000E+000	0.00000E+000	0.00000E+000	2.97112E+004	
9.07760E+001	2.96509E+004	1.10938E+004	0.00000E+000	0.00000E+000	0.00000E+000	2.98585E+004	
9.23363E+001	2.97867E+004	1.12348E+004	0.00000E+000	0.00000E+000	0.00000E+000	3.00015E+004	
9.33936E+001	2.99393E+004	1.15655E+004	0.00000E+000	0.00000E+000	0.00000E+000	3.01061E+004	
9.53754E+001	3.00624E+004	1.18739E+004	0.00000E+000	0.00000E+000	0.00000E+000	3.01925E+004	
9.62136E+001	3.01787E+004	1.21800E+004	0.00000E+000	0.00000E+000	0.00000E+000	3.02773E+004	
9.76043E+001	3.03455E+004	1.24828E+004	0.00000E+000	0.00000E+000	0.00000E+000	3.03813E+004	
9.88008E+001	3.04522E+004	1.27203E+004	0.00000E+000	0.00000E+000	0.00000E+000	3.04559E+004	
9.98516E+001	3.04805E+004	1.27485E+004	0.00000E+000	0.00000E+000	0.00000E+000	3.04717E+004	
1.01169E+002	3.06190E+004	1.30571E+004	0.00000E+000	0.00000E+000	0.00000E+000	3.05656E+004	
1.01703E+002	3.07063E+004	1.32059E+004	0.00000E+000	0.00000E+000	0.00000E+000	3.06199E+004	
1.03810E+002	3.09333E+004	1.36315E+004	0.00000E+000	0.00000E+000	0.00000E+000	3.07689E+004	
1.06178E+002	3.11100E+004	1.39931E+004	0.00000E+000	0.00000E+000	0.00000E+000	3.08855E+004	
1.07661E+002	3.11633E+004	1.40608E+004	0.00000E+000	0.00000E+000	0.00000E+000	3.09169E+004	
1.09444E+002	3.11776E+004	1.40931E+004	0.00000E+000	0.00000E+000	0.00000E+000	3.09275E+004	
1.10540E+002	3.13869E+004	1.45766E+004	0.00000E+000	0.00000E+000	0.00000E+000	3.10708E+004	
1.12485E+002	3.14564E+004	1.46861E+004	0.00000E+000	0.00000E+000	0.00000E+000	3.11134E+004	
1.13207E+002	3.15193E+004	1.48342E+004	0.00000E+000	0.00000E+000	0.00000E+000	3.11577E+004	
1.14403E+002	3.15193E+004	1.48342E+004	0.00000E+000	0.00000E+000	0.00000E+000	3.11577E+004	
1.16396E+002	3.15875E+004	1.49239E+004	0.00000E+000	0.00000E+000	0.00000E+000	3.11988E+004	
1.18026E+002	3.18026E+004	1.53548E+004	0.00000E+000	0.00000E+000	0.00000E+000	3.13392E+004	
1.19653E+002	3.18933E+004	1.55595E+004	0.00000E+000	0.00000E+000	0.00000E+000	3.14021E+004	
1.22667E+002	3.20393E+004	1.58006E+004	0.00000E+000	0.00000E+000	0.00000E+000	3.14945E+004	
1.24866E+002	3.21640E+004	1.60406E+004	0.00000E+000	0.00000E+000	0.00000E+000	3.15741E+004	
1.26228E+002	3.22016E+004	1.61037E+004	0.00000E+000	0.00000E+000	0.00000E+000	3.15978E+004	
1.27704E+002	3.23865E+004	1.64820E+004	0.00000E+000	0.00000E+000	0.00000E+000	3.17209E+004	
1.30999E+002	3.25655E+004	1.68026E+004	0.00000E+000	0.00000E+000	0.00000E+000	3.18366E+004	
1.32498E+002	3.25655E+004	1.68026E+004	0.00000E+000	0.00000E+000	0.00000E+000	3.18366E+004	
1.34844E+002	3.26760E+004	1.69660E+004	0.00000E+000	0.00000E+000	0.00000E+000	3.19040E+004	
1.38053E+002	3.26936E+004	1.69879E+004	0.00000E+000	0.00000E+000	0.00000E+000	3.19141E+004	
1.41383E+002	3.29284E+004	1.74720E+004	0.00000E+000	0.00000E+000	0.00000E+000	3.20705E+004	
1.43772E+002	3.30606E+004	1.77010E+004	0.00000E+000	0.00000E+000	0.00000E+000	3.21548E+004	
1.46098E+002	3.32278E+004	1.79876E+004	0.00000E+000	0.00000E+000	0.00000E+000	3.22608E+004	
1.47704E+002	3.32468E+004	1.80217E+004	0.00000E+000	0.00000E+000	0.00000E+000	3.22723E+004	
1.50459E+002	3.33328E+004	1.82006E+004	0.00000E+000	0.00000E+000	0.00000E+000	3.23304E+004	
1.52097E+002	3.33787E+004	1.82623E+004	0.00000E+000	0.00000E+000	0.00000E+000	3.23579E+004	
1.53534E+002	3.34529E+004	1.83987E+004	0.00000E+000	0.00000E+000	0.00000E+000	3.24058E+004	
1.55051E+002	3.34529E+004	1.83987E+004	0.00000E+000	0.00000E+000	0.00000E+000	3.24058E+004	
1.56605E+002	3.35496E+004	1.85872E+004	0.00000E+000	0.00000E+000	0.00000E+000	3.24688E+004	
1.57720E+002	3.35692E+004	1.86200E+004	0.00000E+000	0.00000E+000	0.00000E+000	3.24812E+004	
1.61278E+002	3.36681E+004	1.87937E+004	0.00000E+000	0.00000E+000	0.00000E+000	3.25447E+004	
1.63691E+002	3.37594E+004	1.89580E+004	0.00000E+000	0.00000E+000	0.00000E+000	3.26032E+004	
1.65233E+002	3.37863E+004	1.90123E+004	0.00000E+000	0.00000E+000	0.00000E+000	3.26211E+004	
1.68364E+002	3.38812E+004	1.91912E+004	0.00000E+000	0.00000E+000	0.00000E+000	3.26829E+004	
1.70087E+002	3.39265E+004	1.92574E+004	0.00000E+000	0.00000E+000	0.00000E+000	3.27106E+004	
1.72062E+002	3.41386E+004	1.96327E+004	0.00000E+000	0.00000E+000	0.00000E+000	3.28461E+004	
1.76326E+002	3.41646E+004	1.96842E+004	0.00000E+000	0.00000E+000	0.00000E+000	3.28634E+004	
1.78324E+002	3.42031E+004	1.97442E+004	0.00000E+000	0.00000E+000	0.00000E+000	3.28874E+004	
1.81468E+002	3.43199E+004	1.99348E+004	0.00000E+000	0.00000E+000	0.00000E+000	3.29606E+004	
1.84186E+002	3.44512E+004	2.01815E+004	0.00000E+000	0.00000E+000	0.00000E+000	3.30459E+004	
1.86008E+002	3.44925E+004	2.02639E+004	0.00000E+000	0.00000E+000	0.00000E+000	3.30731E+004	
1.89813E+002	3.45097E+004	2.02993E+004	0.00000E+000	0.00000E+000	0.00000E+000	3.30844E+004	
1.92332E+002	3.45302E+004	2.03311E+004	0.00000E+000	0.00000E+000	0.00000E+000	3.30971E+004	
1.94470E+002	3.45630E+004	2.03793E+004	1.69335E+003	0.00000E+000	0.00000E+000	3.31174E+004	
1.97048E+002	3.45837E+004	2.04200E+004	1.69867E+003	0.00000E+000	0.00000E+000	3.31312E+004	
1.99352E+002	3.47220E+004	2.06638E+004	1.88564E+003	0.00000E+000	0.00000E+000	3.32198E+004	
2.01579E+002	3.48187E+004	2.08345E+004	2.00470E+003	0.00000E+000	0.00000E+000	3.32817E+004	
2.03029E+002	3.48494E+004	2.08884E+004	2.26850E+003	0.00000E+000	0.00000E+000	3.33011E+004	
2.06374E+002	3.49612E+004	2.10852E+004	2.39766E+003	0.00000E+000	0.00000E+000	3.33726E+004	
2.07951E+002	3.49612E+004	2.10852E+004	2.39766E+003	0.00000E+000	0.00000E+000	3.33726E+004	
2.09725E+002	3.49620E+004	2.10864E+004	2.39886E+003	0.00000E+000	0.00000E+000	3.33727E+004	
2.12023E+002	3.49960E+004	2.11487E+004	2.42269E+003	0.00000E+000	0.00000E+000	3.33949E+004	
2.16032E+002	3.50892E+004	2.13079E+004	3.29040E+003	0.00000E+000	0.00000E+000	3.34542E+004	
2.18570E+002	3.51618E+004	2.14354E+004	3.66632E+003	0.00000E+000	0.00000E+000	3.35007E+004	
2.20895E+002	3.51618E+004	2.14354E+004	3.66632E+003	0.00000E+000	0.00000E+000	3.35007E+004	
2.22320E+002	3.51763E+004	2.14645E+004	3.67664E+003	0.00000E+000	0.00000E+000	3.35100E+004	
2.26496E+002	3.52524E+004	2.15981E+004	3.86584E+003	0.00000E+000	0.00000E+000	3.35590E+004	
2.29172E+002	3.53293E+004	2.17360E+004	4.21573E+003	0.00000E+000	0.00000E+000	3.36083E+004	
2.31593E+002	3.53674E+004	2.17975E+004	4.41894E+003	0.00000E+000	0.00000E+000	3.36320E+004	
2.35057E+002	3.53941E+004	2.18490E+004	4.44119E+003	0.00000E+000	0.00000E+000	3.36492E+004	
2.37571E+002	3.54147E+004	2.18818E+004	4.74149E+003	0.00000E+000	0.00000E+000	3.36622E+004	
2.39829E+002	3.55397E+004	2.21021E+004	5.05059E+003	0.00000E+000	0.00000E+000	3.37421E+004	
2.42831E+002	3.55673E+004	2.21457E+004	5.49822E+003	0.00000E+000	0.00000E+000	3.37594E+004	
2.47516E+002	3.55968E+004	2.22017E+004	5.53007E+003	0.00000E+000	0.00000E+000	3.37785E+004	
2.50389E+002	3.57256E+004	2.24368E+004	5.78069E+003	0.00000E+000	0.00000E+000	3.38618E+004	
2.53290E+002	3.57925E+004	2.25506E+004	6.17495E+003	0.00000E+000	0.00000E+000	3.39040E+004	
2.56165E+002	3.58105E+004	2.25806E+004	6.35683E+003	0.00000E+000	0.00000E+000	3.39153E+004	
2.58682E+002	3.58310E+004	2.26154E+004	6.44666E+003	0.00000E+000	0.00000E+000	3.39282E+004	
2.61277E+002	3.59002E+004	2.27342E+004	6.87824E+003	0.00000E+000	0.00000E+000	3.39724E+004	
2.65414E+002	3.59169E+004	2.27609E+004	7.09264E+003	0.00000E+000	0.00000E+000	3.39829E+004	
2.68121E+002	3.59404E+004	2.28017E+004	7.17888E+003	0.00000E+000	0.00000E+000	3.39976E+004	
2.70329E+002	3.59459E+004	2.28121E+004	7.18788E+003	0.00000E+000	0.00000E+000	3.40011E+004	
2.72249E+002	3.60407E+004	2.29796E+004	7.51312E+003	0.00000E+000	0.00000E+000	3.40620E+004	
2.74736E+002	3.60832E+004	2.30586E+004	7.59451E+003	0.00000E+000	0.00000E+000	3.40893E+004	
2.76010E+002	3.60964E+004	2.30845E+004	7.61707E+003	0.00000E+000	0.00000E+000	3.40980E+004	
2.78233E+002	3.61203E+004	2.31238E+004	7.85415E+003	0.00000E+000	0.00000E+000	3.41134E+004	
2.81870E+002	3.61427E+004	2.31602E+004	8.09589E+003	0.00000E+000	0.00000E+000	3.41275E+004	
2.83468E+002	3.61837E+004	2.32328E+004	8.21612E+003	0.00000E+000	0.00000E+000	3.41539E+004	
2.86872E+002	3.62218E+004	2.32963E+004	8.50561E+003	0.00000E+000	0.00000E+000	3.41777E+004	
2.89616E+002	3.62340E+004	2.33197E+004	8.52827E+003	0.00000E+000	0.00000E+000	3.41855E+004	
2.93216E+002	3.62340E+004	2.33197E+004	8.52827E+003	0.00000E+000	0.00000E+000	3.41855E+004	
2.95868E+002	3.62985E+004	2.34337E+004	8.75647E+003	0.00000E+000	0.00000E+000	3.42268E+004	
2.98352E+002	3.63976E+004	2.36097E+004	9.16615E+003	0.00000E+000	0.00000E+000	3.42903E+004	
3.00670E+002	3.64146E+004	2.36387E+004	9.28800E+003	0.00000E+000	0.00000E+000	3.43009E+004	
3.02304E+002	3.64579E+004	2.37125E+004	9.59203E+003	0.00000E+000	0.00000E+000	3.43287E+004	
3.05061E+002	3.64579E+004	2.37125E+004	9.59203E+003	0.00000E+000	0.00000E+000	3.43287E+004	
3.09587E+002	3.65114E+004	2.38056E+004	9.86484E+003	0.00000E+000	0.00000E+000	3.43625E+004	
3.12555E+002	3.65386E+004	2.38563E+004	9.92868E+003	0.00000E+000	0.00000E+000	3.43804E+004	
3.19320E+002	3.65504E+004	2.38771E+004	9.99413E+003	0.00000E+000	0.00000E+000	3.43875E+004	
3.21450E+002	3.66335E+004	2.40227E+004	1.03780E+004	0.00000E+000	0.00000E+000	3.44410E+004	
3.23501E+002	3.66689E+004	2.40826E+004	1.06397E+004	0.00000E+000	0.00000E+000	3.44636E+004	
3.29484E+002	3.67404E+004	2.42092E+004	1.09155E+004	0.00000E+000	0.00000E+000	3.45093E+004	
3.33213E+002	3.67518E+004	2.42314E+004	1.09459E+004	0.00000E+000	0.00000E+000	3.45165E+004	
3.35488E+002	3.67649E+004	2.42536E+004	1.10533E+004	0.00000E+000	0.00000E+000	3.45251E+004	
3.40450E+002	3.68021E+004	2.43195E+004	1.11847E+004	0.00000E+000	0.00000E+000	3.45489E+004	
3.45945E+002	3.68980E+004	2.44868E+004	1.16691E+004	0.00000E+000	0.00000E+000	3.46098E+004	
3.48579E+002	3.68973E+004	2.44866E+004	1.16694E+004	0.00000E+000	0.00000E+000	3.46096E+004	
3.52253E+002	3.69603E+004	2.45962E+004	1.19822E+004	0.00000E+000	0.00000E+000	3.46497E+004	
3.57735E+002	3.69930E+004	2.46544E+004	1.21391E+004	0.00000E+000	0.00000E+000	3.46707E+004	
3.61639E+002	3.69970E+004	2.46627E+004	1.21529E+004	0.00000E+000	0.00000E+000	3.46730E+004	
3.65692E+002	3.70566E+004	2.47678E+004	1.23855E+004	0.00000E+000	0.00000E+000	3.47115E+004	
3.70109E+002	3.71061E+004	2.48554E+004	1.26242E+004	0.00000E+000	0.00000E+000	3.47432E+004	
3.71775E+002	3.71176E+004	2.48768E+004	1.26811E+004	0.00000E+000	0.00000E+000	3.47501E+004	
3.73659E+002	3.71627E+004	2.49542E+004	1.29349E+004	0.00000E+000	0.00000E+000	3.47794E+004	
3.79280E+002	3.71989E+004	2.50165E+004	1.31320E+004	0.00000E+000	0.00000E+000	3.48022E+004	
3.86043E+002	3.72290E+004	2.50698E+004	1.32634E+004	0.00000E+000	0.00000E+000	3.48215E+004	
3.89996E+002	3.72688E+004	2.51417E+004	1.34146E+004	0.00000E+000	0.00000E+000	3.48472E+004	
3.94768E+002	3.72891E+004	2.51767E+004	1.35421E+004	0.00000E+000	0.00000E+000	3.48599E+004	
3.97069E+002	3.73057E+004	2.52059E+004	1.36443E+004	0.00000E+000	0.00000E+000	3.48704E+004	
4.00066E+002	3.73810E+004	2.53376E+004	1.39817E+004	0.00000E+000	0.00000E+000	3.49188E+004	
4.04784E+002	3.73905E+004	2.53560E+004	1.40145E+004	0.00000E+000	0.00000E+000	3.49247E+004	
4.09353E+002	3.74114E+004	2.53920E+004	1.41439E+004	0.00000E+000	0.00000E+000	3.49381E+004	
4.12356E+002	3.74143E+004	2.53972E+004	1.41584E+004	0.00000E+000	0.00000E+000	3.49397E+004	
4.15902E+002	3.74477E+004	2.54562E+004	1.42868E+004	0.00000E+000	0.00000E+000	3.49618E+004	
4.19743E+002	3.74705E+004	2.54963E+004	1.43978E+004	0.00000E+000	0.00000E+000	3.49761E+004	
4.22112E+002	3.75137E+004	2.55716E+004	1.46112E+004	0.00000E+000	0.00000E+000	3.50035E+004	
4.24902E+002	3.75420E+004	2.56217E+004	1.47463E+004	0.00000E+000	0.00000E+000	3.50218E+004	
4.26740E+002	3.75664E+004	2.56663E+004	1.48380E+004	0.00000E+000	0.00000E+000	3.50372E+004	
4.30603E+002	3.75842E+004	2.56974E+004	1.49314E+004	0.00000E+000	0.00000E+000	3.50487E+004	
4.33396E+002	3.75842E+004	2.56974E+004	1.49314E+004	0.00000E+000	0.00000E+000	3.50487E+004	
4.36515E+002	3.75935E+004	2.57140E+004	1.49787E+004	0.00000E+000	0.00000E+000	3.50546E+004	
4.39662E+002	3.76259E+004	2.57705E+004	1.51358E+004	0.00000E+000	0.00000E+000	3.50752E+004	
4.46897E+002	3.76721E+004	2.58509E+004	1.53653E+004	0.00000E+000	0.00000E+000	3.51049E+004	
4.49256E+002	3.77203E+004	2.59360E+004	1.55832E+004	0.00000E+000	0.00000E+000	3.51358E+004	
4.51841E+002	3.77282E+004	2.59516E+004	1.56363E+004	0.00000E+000	0.00000E+000	3.51407E+004	
4.55435E+002	3.77531E+004	2.59953E+004	1.57280E+004	0.00000E+000	0.00000E+000	3.51565E+004	
4.58943E+002	3.77689E+004	2.60240E+004	1.57864E+004	0.00000E+000	0.00000E+000	3.51668E+004	
4.63428E+002	3.77689E+004	2.60240E+004	1.57864E+004	0.00000E+000	0.00000E+000	3.51668E+004	
4.66674E+002	3.77982E+004	2.60751E+004	1.59197E+004	0.00000E+000	0.00000E+000	3.51854E+004	
4.70060E+002	3.78160E+004	2.61066E+004	1.60197E+004	0.00000E+000	0.00000E+000	3.51969E+004	
4.74732E+002	3.78565E+004	2.61774E+004	1.62124E+004	0.00000E+000	0.00000E+000	3.52231E+004	
4.76883E+002	3.78935E+004	2.62424E+004	1.63884E+004	0.00000E+000	0.00000E+000	3.52467E+004	
4.80829E+002	3.79106E+004	2.62727E+004	1.64744E+004	0.00000E+000	0.00000E+000	3.52574E+004	
4.84231E+002	3.79149E+004	2.62817E+004	1.64938E+004	0.00000E+000	0.00000E+000	3.52600E+004	
4.88341E+002	3.79398E+004	2.63257E+004	1.65874E+004	0.00000E+000	0.00000E+000	3.52760E+004	
4.94619E+002	3.79411E+004	2.63275E+004	1.65995E+004	0.00000E+000	0.00000E+000	3.52769E+004	
4.99193E+002	3.79624E+004	2.63653E+004	1.67056E+004	0.00000E+000	0.00000E+000	3.52903E+004	
5.02784E+002	3.80080E+004	2.64446E+004	1.69082E+004	0.00000E+000	0.00000E+000	3.53199E+004	
5.06179E+002	3.80651E+004	2.65456E+004	1.71822E+004	0.00000E+000	0.00000E+000	3.53561E+004	
5.09631E+002	3.80856E+004	2.65829E+004	1.72667E+004	0.00000E+000	0.00000E+000	3.53695E+004	
5.15322E+002	3.80971E+004	2.66037E+004	1.73319E+004	0.00000E+000	0.00000E+000	3.53764E+004	
5.18502E+002	3.81047E+004	2.66174E+004	1.73614E+004	0.00000E+000	0.00000E+000	3.53815E+004	
5.22065E+002	3.81047E+004	2.66174E+004	1.73614E+004	0.00000E+000	0.00000E+000	3.53815E+004	
5.28328E+002	3.81422E+004	2.66829E+004	1.75230E+004	0.00000E+000	0.00000E+000	3.54055E+004	
5.31970E+002	3.81633E+004	2.67200E+004	1.76242E+004	0.00000E+000	0.00000E+000	3.54193E+004	
5.36750E+002	3.81991E+004	2.67832E+004	1.77879E+004	0.00000E+000	0.00000E+000	3.54422E+004	
5.39322E+002	3.81988E+004	2.67831E+004	1.77872E+004	0.00000E+000	0.00000E+000	3.54420E+004	
5.45131E+002	3.82335E+004	2.68438E+004	1.79489E+004	0.00000E+000	0.00000E+000	3.54641E+004	
5.51237E+002	3.82683E+004	2.69057E+004	1.81011E+004	0.00000E+000	0.00000E+000	3.54861E+004	
5.58507E+002	3.82894E+004	2.69425E+004	1.82053E+004	0.00000E+000	0.00000E+000	3.54999E+004	
5.63932E+002	3.83209E+004	2.69986E+004	1.83459E+004	0.00000E+000	0.00000E+000	3.55202E+004	
5.68916E+002	3.83290E+004	2.70146E+004	1.83823E+004	0.00000E+000	0.00000E+000	3.55253E+004	
5.73146E+002	3.83553E+004	2.70607E+004	1.84916E+004	0.00000E+000	0.00000E+000	3.55421E+004	
5.76182E+002	3.83734E+004	2.70925E+004	1.85842E+004	0.00000E+000	0.00000E+000	3.55539E+004	
5.78473E+002	3.84064E+004	2.71500E+004	1.87309E+004	0.00000E+000	0.00000E+000	3.55748E+004	
5.84371E+002	3.84264E+004	2.71861E+004	1.88220E+004	1.85936E+002	0.00000E+000	3.55878E+004	
5.90281E+002	3.84264E+004	2.71861E+004	1.88220E+004	1.85936E+002	0.00000E+000	3.55878E+004	
5.95278E+002	3.84765E+004	2.72741E+004	1.90497E+004	1.66470E+002	0.00000E+000	3.56197E+004	
6.00114E+002	3.84761E+004	2.72740E+004	1.90491E+004	1.66555E+002	0.00000E+000	3.56196E+004	
6.03732E+002	3.84879E+004	2.72959E+004	1.90995E+004	1.79457E+002	0.00000E+000	3.56267E+004	
6.06673E+002	3.84993E+004	2.73152E+004	1.91573E+004	1.73716E+002	0.00000E+000	3.56343E+004	
6.09941E+002	3.85309E+004	2.73707E+004	1.92953E+004	9.38053E+002	0.00000E+000	3.56544E+004	
6.12538E+002	3.85309E+004	2.73707E+004	1.92953E+004	9.38053E+002	0.00000E+000	3.56544E+004	
6.15359E+002	3.85688E+004	2.74380E+004	1.94693E+004	1.25642E+003	0.00000E+000	3.56786E+004	
6.20169E+002	3.85695E+004	2.74392E+004	1.94804E+004	1.26323E+003	0.00000E+000	3.56793E+004	
6.24745E+002	3.85812E+004	2.74593E+004	1.95217E+004	1.33102E+003	0.00000E+000	3.56869E+004	
6.28736E+002	3.85970E+004	2.74880E+004	1.96037E+004	1.36326E+003	0.00000E+000	3.56968E+004	
6.33841E+002	3.86116E+004	2.75140E+004	1.96618E+004	1.62392E+003	0.00000E+000	3.57065E+004	
6.37475E+002	3.86446E+004	2.75722E+004	1.98118E+004	1.77762E+003	0.00000E+000	3.57273E+004	
6.44687E+002	3.86728E+004	2.76231E+004	1.99376E+004	2.16295E+003	0.00000E+000	3.57454E+004	
6.51066E+002	3.86915E+004	2.76542E+004	2.00284E+004	2.33206E+003	0.00000E+000	3.57573E+004	
6.55118E+002	3.86923E+004	2.76569E+004	2.00329E+004	2.34063E+003	0.00000E+000	3.57579E+004	
6.59179E+002	3.87141E+004	2.76953E+004	2.01225E+004	2.51628E+003	0.00000E+000	3.57717E+004	
6.64236E+002	3.87220E+004	2.77109E+004	2.01604E+004	2.55427E+003	0.00000E+000	3.57766E+004	
6.66725E+002	3.87508E+004	2.77601E+004	2.02905E+004	2.71786E+003	0.00000E+000	3.57954E+004	
6.70195E+002	3.87643E+004	2.77848E+004	2.03519E+004	2.92017E+003	0.00000E+000	3.58043E+004	
6.76555E+002	3.87833E+004	2.78179E+004	2.04381E+004	3.17457E+003	0.00000E+000	3.58162E+004	
6.82099E+002	3.88013E+004	2.78509E+004	2.05174E+004	3.31292E+003	0.00000E+000	3.58276E+004	
6.86061E+002	3.88035E+004	2.78561E+004	2.05397E+004	3.34072E+003	0.00000E+000	3.58288E+004	
6.90315E+002	3.88193E+004	2.78817E+004	2.06064E+004	3.42898E+003	0.00000E+000	3.58392E+004	
6.93544E+002	3.88306E+004	2.79027E+004	2.06503E+004	3.49190E+003	0.00000E+000	3.58461E+004	
6.98577E+002	3.88621E+004	2.79581E+004	2.07911E+004	3.70350E+003	0.00000E+000	3.58662E+004	
7.07028E+002	3.88819E+004	2.79931E+004	2.08771E+004	3.90729E+003	0.00000E+000	3.58791E+004	
7.11650E+002	3.88974E+004	2.80204E+004	2.09469E+004	4.09499E+003	0.00000E+000	3.58892E+004	
7.14632E+002	3.89082E+004	2.80390E+004	2.10016E+004	4.22406E+003	0.00000E+000	3.58963E+004	
7.18970E+002	3.89374E+004	2.80921E+004	2.11283E+004	4.45030E+003	0.00000E+000	3.59145E+004	
7.23770E+002	3.89580E+004	2.81273E+004	2.12209E+004	4.59758E+003	0.00000E+000	3.59281E+004	
7.28865E+002	3.89577E+004	2.81273E+004	2.12247E+004	4.61077E+003	0.00000E+000	3.59279E+004	
7.31611E+002	3.89662E+004	2.81422E+004	2.12615E+004	4.67322E+003	0.00000E+000	3.59332E+004	
7.38526E+002	3.89801E+004	2.81676E+004	2.13195E+004	4.75974E+003	0.00000E+000	3.59420E+004	
7.42720E+002	3.89965E+004	2.81963E+004	2.13909E+004	4.92357E+003	0.00000E+000	3.59527E+004	
7.46531E+002	3.90141E+004	2.82276E+004	2.14709E+004	5.06722E+003	0.00000E+000	3.59637E+004	
7.51375E+002	3.90285E+004	2.82515E+004	2.15425E+004	5.19247E+003	0.00000E+000	3.59732E+004	
7.54688E+002	3.90534E+004	2.82974E+004	2.16470E+004	5.40499E+003	0.00000E+000	3.59890E+004	
7.58885E+002	3.90537E+004	2.82974E+004	2.16494E+004	5.41635E+003	0.00000E+000	3.59893E+004	
7.62757E+002	3.90605E+004	2.83107E+004	2.16863E+004	5.46625E+003	0.00000E+000	3.59930E+004	
7.70519E+002	3.90672E+004	2.83213E+004	2.17122E+004	5.51406E+003	0.00000E+000	3.59980E+004	
7.76457E+002	3.90922E+004	2.83665E+004	2.18202E+004	5.71941E+003	0.00000E+000	3.60137E+004	
7.79361E+002	3.90984E+004	2.83775E+004	2.18550E+004	5.77788E+003	0.00000E+000	3.60177E+004	
7.83666E+002	3.91428E+004	2.84558E+004	2.20460E+004	6.14034E+003	0.00000E+000	3.60462E+004	
7.88802E+002	3.91428E+004	2.84555E+004	2.20463E+004	6.14716E+003	0.00000E+000	3.60466E+004	
7.92400E+002	3.91504E+004	2.84702E+004	2.20840E+004	6.19643E+003	0.00000E+000	3.60509E+004	
7.97664E+002	3.91673E+004	2.84987E+004	2.21544E+004	6.32999E+003	0.00000E+000	3.60621E+004	
8.00508E+002	3.91673E+004	2.84989E+004	2.21627E+004	6.34981E+003	0.00000E+000	3.60621E+004	
8.08149E+002	3.91785E+004	2.85186E+004	2.22047E+004	6.41637E+003	0.00000E+000	3.60695E+004	
8.11873E+002	3.91976E+004	2.85524E+004	2.22896E+004	6.58626E+003	0.00000E+000	3.60814E+004	
8.14607E+002	3.92141E+004	2.85820E+004	2.23647E+004	6.72037E+003	0.00000E+000	3.60921E+004	
8.19632E+002	3.92221E+004	2.85955E+004	2.24037E+004	6.79685E+003	0.00000E+000	3.60971E+004	
8.26124E+002	3.92362E+004	2.86220E+004	2.24641E+004	6.90198E+003	0.00000E+000	3.61060E+004	
8.31675E+002	3.92507E+004	2.86465E+004	2.25272E+004	7.01746E+003	0.00000E+000	3.61155E+004	
8.37814E+002	3.92774E+004	2.86953E+004	2.26481E+004	7.23756E+003	2.29338E+002	3.61323E+004	
8.49536E+002	3.92833E+004	2.87059E+004	2.26776E+004	7.28334E+003	2.58364E+002	3.61362E+004	
8.52359E+002	3.93020E+004	2.87373E+004	2.27550E+004	7.43187E+003	2.64026E+002	3.61482E+004	
8.58138E+002	3.93249E+004	2.87782E+004	2.28573E+004	7.62406E+003	2.70723E+002	3.61630E+004	
8.63958E+002	3.93382E+004	2.88028E+004	2.29185E+004	7.72069E+003	8.68242E+002	3.61713E+004	
8.71468E+002	3.93752E+004	2.88687E+004	2.30822E+004	8.00987E+003	1.01840E+003	3.61952E+004	
8.79344E+002	3.93806E+004	2.88778E+004	2.31124E+004	8.06524E+003	1.02493E+003	3.61983E+004	
8.84924E+002	3.94039E+004	2.89202E+004	2.32126E+004	8.24447E+003	1.16622E+003	3.62133E+004	
8.88348E+002	3.94328E+004	2.89721E+004	2.33420E+004	8.46735E+003	1.61338E+003	3.62314E+004	
8.93711E+002	3.94436E+004	2.89879E+004	2.33893E+004	8.55405E+003	1.63041E+003	3.62393E+004	
8.99827E+002	3.94436E+004	2.89879E+004	2.33893E+004	8.55405E+003	1.63041E+003	3.62393E+004	
9.03824E+002	3.94597E+004	2.90193E+004	2.34610E+004	8.68291E+003	1.74655E+003	3.62490E+004	
9.08692E+002	3.95019E+004	2.90931E+004	2.36418E+004	8.99255E+003	2.35858E+003	3.62765E+004	
9.13967E+002	3.95280E+004	2.91398E+004	2.37591E+004	9.20142E+003	2.59265E+003	3.62929E+004	
9.17569E+002	3.95517E+004	2.91808E+004	2.38617E+004	9.39093E+003	2.65748E+003	3.63083E+004	
9.20560E+002	3.95613E+004	2.91997E+004	2.39117E+004	9.47565E+003	2.86992E+003	3.63142E+004	
9.23168E+002	3.95804E+004	2.92316E+004	2.39899E+004	9.61575E+003	3.02051E+003	3.63267E+004	
9.29120E+002	3.95804E+004	2.92316E+004	2.39899E+004	9.61575E+003	3.02051E+003	3.63267E+004	
9.31654E+002	3.96029E+004	2.92729E+004	2.40906E+004	9.78255E+003	3.37133E+003	3.63411E+004	
9.34634E+002	3.96434E+004	2.93443E+004	2.42676E+004	1.00836E+004	3.99548E+003	3.63671E+004	
9.39814E+002	3.96568E+004	2.93669E+004	2.43255E+004	1.01883E+004	4.11154E+003	3.63755E+004	
9.42388E+002	3.96701E+004	2.93907E+004	2.43837E+004	1.02930E+004	4.18645E+003	3.63840E+004	
9.45848E+002	3.96950E+004	2.94375E+004	2.45016E+004	1.04990E+004	4.51365E+003	3.63996E+004	
9.50564E+002	3.97035E+004	2.94501E+004	2.45400E+004	1.05677E+004	4.55096E+003	3.64056E+004	
9.54174E+002	3.97850E+004	2.95950E+004	2.48930E+004	1.11845E+004	5.49253E+003	3.64579E+004	
9.56412E+002	3.97850E+004	2.95950E+004	2.48930E+004	1.11845E+004	5.49253E+003	3.64579E+004	
9.58333E+002	3.97997E+004	2.96209E+004	2.49588E+004	1.13011E+004	5.61425E+003	3.64670E+004	
9.61451E+002	3.98096E+004	2.96367E+004	2.50077E+004	1.13896E+004	5.67198E+003	3.64737E+004	
9.66031E+002	3.98329E+004	2.96809E+004	2.51088E+004	1.15697E+004	5.91650E+003	3.64884E+004	
9.71159E+002	3.99652E+004	2.99146E+004	2.56907E+004	1.25860E+004	7.41583E+003	3.65734E+004	
9.75829E+002	3.99710E+004	2.99250E+004	2.57237E+004	1.26446E+004	7.46347E+003	3.65768E+004	
9.79279E+002	3.99710E+004	2.99250E+004	2.57237E+004	1.26446E+004	7.46347E+003	3.65768E+004	
9.82899E+002	4.01026E+004	3.01580E+004	2.62983E+004	1.36554E+004	8.82615E+003	3.66614E+004	
9.85530E+002	4.01636E+004	3.02680E+004	2.65765E+004	1.41498E+004	9.36843E+003	3.66999E+004	
9.92203E+002	4.03573E+004	3.06095E+004	2.74260E+004	1.56500E+004	1.12972E+004	3.68246E+004	
9.93811E+002	4.03573E+004	3.06095E+004	2.74260E+004	1.56500E+004	1.12972E+004	3.68246E+004	
9.97260E+002	4.05471E+004	3.09461E+004	2.82669E+004	1.71384E+004	1.31150E+004	3.69461E+004	
9.98907E+002	4.35682E+004	3.63069E+004	4.16651E+004	4.09264E+004	4.09186E+004	3.88807E+004	
